,0,1,2,3
0,0.9921702362224708,0.004014332851636414,0.0007830902261658028,0.00303234069972702
1,0.9872255439574057,5.50591970412011e-05,0.0005054085096589559,0.012213988335894183
2,0.019520675532021046,5.509854311415492e-05,0.12400530644732673,0.8564189194775379
3,0.007972288911175978,1.5193272352713605e-05,3.3672250109395633e-06,0.9920091505914607
4,1.6976099968739238e-06,0.9981209568295871,0.0015293163404047935,0.00034802922001127973
5,0.00282130556065257,1.8102534110654269e-06,0.0006276542386969665,0.9965492299472396
6,5.145626279027809e-06,3.3377212148434296e-06,0.997832608326097,0.0021589083264090445
7,0.0012846299748540137,1.57671534642654e-06,0.00022820588643901894,0.9984855874233606
8,0.0004310972097521243,0.9687354638287804,0.030290845715936043,0.000542593245531491
9,0.0009452791596459125,0.9986082246918022,0.00015837936851819564,0.0002881167800335189
10,0.940896387483425,3.778819143715707e-05,0.007948822080954559,0.05111700224418335
11,0.11040139146909722,0.8604604611508947,0.017271399298056433,0.011866748081951843
12,0.9905231557295191,0.0038535917170589543,0.003349060374896252,0.0022741921785255285
13,0.06212306786035304,0.0011937886350655257,0.1256893006292072,0.8109938428753742
14,0.06885677166050412,5.684587874323483e-05,8.33272804264562e-06,0.9310780497327097
15,0.9903711999037922,0.004321128116838046,0.0007492869641804765,0.0045583850151892655
16,0.9764763713611833,0.000260558546438227,0.0002576946242867983,0.023005375468091734
17,1.895083572854531e-10,0.9999808945877271,1.1718398321578446e-05,7.386824442735312e-06
18,2.4521644732136537e-06,1.4818798463873961e-06,2.776607430360418e-06,0.99999328934825
19,0.003059316679116298,0.9501175599107936,0.04343980252578437,0.0033833208843054457
20,0.2614954468131146,0.0036954014656249362,0.6031356819149065,0.13167346980635408
21,0.9430365245242676,0.05435662835397238,0.0017919816614871094,0.0008148654602728875
22,0.04439735343706136,2.6517085096240456e-05,0.05367195687566641,0.9019041726021761
23,0.9814584205409237,0.00014917168122479405,0.00016840104288429148,0.018224006734967227
24,0.002607280466012656,5.412574282914137e-06,0.0008871667545068127,0.9965001402051976
25,9.903069824644429e-05,0.9844094622987424,0.014639868720210928,0.0008516382828002968
26,0.0012988013255890928,0.9493868641002204,0.04199954827051862,0.007314786303671873
27,5.962214806016059e-06,3.5800510357911095e-06,0.9979800602126028,0.0020103975215555524
28,0.009771397486928629,0.00017409544471240487,0.9569562249034258,0.03309828216493347
29,0.9921522673166757,0.0066151330394875925,0.0001438486515760128,0.0010887509922607131
30,1.539556317085448e-05,1.822466139746952e-05,0.9954975335928671,0.004468846182564703
31,4.8139397378585056e-05,0.9540389409660184,0.04349489551978604,0.002418024116817013
32,7.126896149293774e-05,0.012942535521915663,0.9865013771084309,0.0004848184081605294
33,0.00036529812483001813,0.00021909404471833843,0.9789336997603337,0.020481908070117922
34,7.453133863819564e-06,9.698468312848229e-06,0.996787003365689,0.0031958450321344493
35,3.5304107672076572e-06,0.9974634565765544,0.0014314757470905658,0.0011015372655878255
36,0.00041321532377390643,0.9690821107731803,0.030207355904450225,0.00029731799859563225
37,5.171800204586575e-05,0.9890191381835363,0.01051341569218987,0.00041572812222795245
38,0.9615413663038249,0.00043722321133776596,0.0009195853162310673,0.03710182516860617
39,0.8618858954460688,0.024496508172323555,0.001166234875838285,0.11245136150576948
40,6.721725374912595e-11,0.9999945926790668,1.8512641423148162e-06,3.55598957370852e-06
41,1.0009432865877775e-06,0.9997593822159965,1.7447538145705006e-06,0.0002378720869025398
42,0.0015317046707104536,5.801961340631468e-05,0.9903881087797125,0.008022166936170876
43,0.00013719603177043046,0.9814840059524201,0.017441360491877222,0.0009374375239323805
44,1.0475711647889144e-05,0.0036869982470910012,0.9957239115124223,0.0005786145288385529
45,0.9852195477822634,0.0001690463607662264,0.003604989237397909,0.011006416619572645
46,0.978878653585224,0.00013852260110500505,0.00024637535621577987,0.02073644845745521
47,0.00041359040548368594,0.32008974382422933,0.6785357688671241,0.0009608969031627385
48,8.00586371450377e-05,0.9916738477262909,0.001739043534296729,0.006507050102267424
49,0.0010955623136234438,0.017813233860184404,0.9783912866007665,0.0026999172254258013
50,0.002563705310270921,0.9972741648935796,8.011709803259676e-05,8.201269811713272e-05
51,0.011184596665099671,9.373903941946748e-05,0.002182294195574194,0.9865393700999066
52,0.004126940703238415,1.2407842018525537e-05,0.06278381107156382,0.9330768403831794
53,6.699014829100679e-09,0.99988904187986,5.8938666824260974e-05,5.201275430085007e-05
54,0.0006488293919446478,0.0001934734224836038,0.9937748487568224,0.005382848428749371
55,0.0006240114849585011,6.103391897186765e-05,0.012524957779934932,0.9867899968161347
56,3.679981438637938e-08,0.9996921705759204,0.0002226087783070835,8.518384595821068e-05
57,0.8604025715370812,0.007608757361565676,0.05729041698803519,0.0746982541133182
58,0.7844400461458246,0.001260361835440007,0.07848944728603444,0.13581014473270128
59,0.9985128690609799,0.00044618624741461793,0.0008420211678465194,0.00019892352375874015
60,0.9335709593382101,7.866309457232049e-05,0.0023391356135032074,0.06401124195371481
61,1.604610921244256e-08,0.999859414282143,7.135653946490813e-05,6.921313228292354e-05
62,0.09160738172203356,9.773665193660938e-05,2.2144833376257496e-05,0.9082727367926536
63,0.00040665674441101447,0.0280104926495513,0.9711071160973912,0.0004757345086465017
64,0.9844407720434547,4.599719314236631e-05,0.0058975388426157445,0.009615691920786977
65,0.0002546830781023811,0.9765962342483306,0.022057541171867978,0.0010915415016991175
66,0.010978817492097698,0.0003091760077572564,0.8251653807330961,0.16354662576704876
67,7.294865699964461e-05,0.9876766335432571,0.012152506300865224,9.791149887823346e-05
68,0.0004362560172146822,0.9509088524290504,0.04817318301277506,0.00048170854095971145
69,0.9994131400192308,0.00025938535071290446,0.00010441972916548482,0.00022305490089084528
70,0.02700059729693551,0.9424099346921114,0.0008283174941029814,0.029761150516850115
71,2.234677867456128e-06,0.9976819133261442,0.002140737263611991,0.00017511473237648867
72,0.00010110441713748329,0.983956984199048,0.014561199843222024,0.0013807115405924508
73,0.003004050557736411,6.30394590175922e-05,0.12545772482816692,0.8714751851550789
74,9.972466335120394e-08,4.859899248764024e-08,1.0098873791391915e-07,0.9999997506876062
75,0.9916810462492104,0.005634570261078448,0.001742624380244497,0.0009417591094663552
76,5.3493611865535856e-05,0.9889134644392692,0.01059710150630514,0.00043594044256018463
77,0.9233951176174734,8.166479718632908e-05,1.66205276683778e-05,0.07650659705767175
78,0.0004165183412304517,0.016189537896854775,0.9826818553125021,0.0007120884494127088
79,0.005103507777521414,0.0005969274694015798,0.01024892182087692,0.9840506429322001
80,0.09157094104762187,3.237099375780447e-05,0.0005754200511705072,0.9078212679074499
81,0.9969152172864478,6.520775049742419e-05,0.00024091590854635425,0.0027786590545083962
82,0.9737423315263042,0.00032819076185114626,0.011099217683129995,0.014830260028714723
83,0.000594870801371088,0.9635848570222378,0.03427673620774605,0.0015435359686450346
84,0.022364337684555938,8.301066000597512e-05,0.09548772973434486,0.8820649219210932
85,6.819257353385177e-06,0.9978310080019237,0.00026223558305221847,0.0018999371576707278
86,0.3123633468448565,0.0006709762084896546,0.01058371145443111,0.6763819654922226
87,1.5725167131419538e-08,0.9999090014743128,4.8708619081176245e-05,4.227418143878462e-05
88,1.9427641257544337e-05,0.9638730194587574,0.03481054484042088,0.0012970080595641957
89,0.002025808651106001,0.9973501505832594,0.0002628586087280035,0.0003611821569068964
90,6.719800240215565e-07,0.9990172157273838,0.0004361744503124636,0.0005459378422797529
91,0.9032694565538889,1.3195852157441863e-05,2.2371246748942086e-05,0.09669497634720461
92,0.9666906837674757,0.012331272667166888,0.012297911230430891,0.008680132334926255
93,0.8925889585068532,3.248564529547646e-05,0.006126330048374043,0.10125222579947725
94,0.002216681706592865,0.0006552492770728844,8.733164386272224e-07,0.9971271956998956
95,1.6317805921710396e-05,0.9943381248277152,0.00521963593325785,0.0004259214331052057
96,7.524320655893541e-05,0.987619236803383,0.011672300605468922,0.0006332193845893206
97,0.9855024008943543,0.00031719334063426495,0.0038010451855900193,0.010379360579421204
98,6.009357633486248e-10,0.9999837566122723,1.0108807126455367e-07,1.6141698720772816e-05
99,0.001027079499931136,0.00021012854430373467,0.9961891436261571,0.0025736483296083016
100,0.9912388293429405,4.3166075855089496e-05,0.003211144406651651,0.005506860174552993
101,0.8614179832278447,0.03131081184149997,0.062493720187411395,0.04477748474324348
102,5.8254982593405724e-05,0.005982815412039904,0.993208125921918,0.000750803683448806
103,0.8856939532523099,0.0004294729620115383,5.548673422839838e-05,0.11382108705144997
104,0.004976684036182144,0.00015517303126299072,0.9645650103540606,0.030303132578494037
105,1.3091571315990773e-05,0.9970350397652825,0.0005138327907808685,0.002438035872620832
106,0.9715272319328113,0.010997956689259384,0.010806611517585165,0.006668199860343882
107,7.203391428287888e-09,0.9999050810687196,4.306442675511864e-05,5.184730113390249e-05
108,0.0007491395621360324,0.11879163070760358,0.8787736956838084,0.0016855340464520612
109,2.5642503291912975e-09,0.9999200675570012,6.709567145523068e-05,1.2834207293093407e-05
110,0.8910671271683528,1.9554728884750648e-05,0.0012436319751623491,0.10766968612760003
111,0.9988445417965864,6.713876747914073e-05,0.0003912257612185532,0.0006970936747157762
112,0.024744559776604624,0.00037855403247181963,0.05233700938936157,0.922539876801562
113,6.0163962600667294e-05,0.9875215922146522,0.011041984182718628,0.0013762596400287016
114,1.4947154429897992e-05,0.9944168644853573,0.005438256073995034,0.00012993228621802346
115,0.00021945499742484582,0.026128217098617026,0.9728843556502434,0.00076797225371464
116,0.9687132945682637,0.0002836071492998045,0.00041707759249082167,0.030586020689945703
117,0.00018314047935622573,0.02314899815442763,0.9759214775927172,0.0007463837734987147
118,0.9670674079012461,0.0005031361484278896,0.0005318386629576541,0.03189761728736838
119,0.008700113584987198,0.0024007856733821334,0.9872845244839333,0.0016145762576975503
120,0.0035507211121525817,6.28511422736421e-05,0.9019580538450604,0.09442837390051308
121,3.2521954237761564e-05,0.9911990410735826,0.008172931129434537,0.0005955058427449178
122,1.3302436174410394e-06,1.6510756197135617e-06,0.9993499450841923,0.0006470735965704756
123,8.906732009692718e-06,0.9952292545996152,0.004197182342985649,0.0005646563253893778
124,0.09140847183770112,0.002180477468088156,0.00021493937237676206,0.9061961113218338
125,0.9870035452478182,5.3336181539972907e-05,0.00011065891610287445,0.012832459654538858
126,0.001928838177640489,2.8850347745197726e-05,0.0075046890491590286,0.9905376224254552
127,0.9834536649708032,0.00034284975714935466,0.00782531705743554,0.008378168214611889
128,0.0009960611407208466,0.9907107257389843,0.0014644286426235898,0.006828784477671035
129,0.93798068325672,8.878343128874213e-05,0.004155505709025301,0.057775027602966135
130,2.774413500401459e-10,0.999988251579647,3.559544517772123e-06,8.188598393747102e-06
131,0.0002528999222562836,0.0001518292525944226,0.9824685747373287,0.01712669608782053
132,3.477354462037282e-05,0.9911143542961739,0.008632351220675346,0.00021852093853062555
133,0.9921964261214055,0.00028018631680215534,0.003307213197168983,0.004216174364623642
134,8.547104326313362e-09,0.9998748325790339,8.837345472439285e-05,3.6785419137176925e-05
135,1.2268256082619533e-07,0.9995060896532622,0.0002790670979927272,0.0002147205661841935
136,0.9933990846036074,0.0003612870163558149,0.0020562974912743284,0.0041833308887626285
137,2.5513779905566195e-08,4.552968159902095e-08,0.9998586249651797,0.00014130399135869667
138,0.004173480128729107,3.182729370316727e-05,0.12512141999072143,0.8706732725868463
139,8.119907705081795e-06,6.465221881308936e-06,0.9969425281638863,0.0030428867065271717
140,0.9911338957786623,9.202732409433525e-05,0.00037610568628902827,0.008397971210954473
141,1.1945936527118083e-10,0.9999904020614886,1.6489382735555592e-06,7.948880778569e-06
142,0.00018194700995743978,0.08136089195066083,0.9174348043160444,0.001022356723337011
143,1.6793955689561375e-09,0.9999706812860522,7.619722854156258e-07,2.85550622669654e-05
144,0.02192205810579844,0.00016132072496410509,0.01709970064402633,0.9608169205252113
145,0.0004990773290541317,0.7983700919030681,0.20023006620395,0.0009007645639277204
146,0.09234397745875286,0.0019436193559187148,0.041486489351551165,0.8642259138337773
147,0.00018775965597824768,0.9795320946731944,0.01653213410803258,0.003748011562794988
148,0.0009798323657407946,0.7904684825426791,0.20218423308037284,0.006367452011207176
149,0.9297680044626887,0.02643490197923531,0.04174826478825529,0.0020488287698206455
150,0.08141156833801062,0.00010850664498913282,0.7890230492422187,0.12945687577478163
151,0.0002576148100500125,0.8870768177111409,0.1059070106306939,0.00675855684811526
152,0.0008112147409424433,9.003747816138671e-05,0.9856278072672752,0.013470940513620877
153,4.076889247835821e-09,0.9999166535335428,6.742327985639295e-08,8.327496628820379e-05
154,6.644570278485095e-05,0.009338681950991547,0.9898414489573353,0.0007534233888882039
155,0.0031127999790857503,4.274897555770736e-05,0.9698770205712165,0.026967430474139818
156,0.09301736735253985,0.01946708313060986,0.0291763026346789,0.8583392468821713
157,0.027499624366192896,0.0001095044768042123,0.006079815566168282,0.9663110555908345
158,0.00012534973185080196,0.9835149496381762,0.016141612458126054,0.0002180881718469655
159,9.033255265412467e-06,0.9954297167038549,0.004354689348202001,0.0002065606926776309
160,5.801470183501754e-10,0.9999790878689784,4.55624885246387e-06,1.6355302022140372e-05
161,1.0862164956494853e-09,0.9999938577390902,1.0173736485215518e-07,6.039437328404177e-06
162,0.0007133916758280874,0.9347035083760029,0.06309127112743229,0.0014918288207366993
163,0.0008854687073329207,0.0002338300980188043,0.02763931284604457,0.9712413883486037
164,1.1401862256843355e-05,0.9580500834901806,0.04142698537579604,0.000511529271766552
165,0.026898852966309516,0.00029110585655585093,0.01699388443020802,0.9558161567469268
166,0.9959630441261029,0.00016689622829865023,0.0017990341541234502,0.0020710254914751143
167,0.9649627264555672,8.567007454509582e-05,0.006899853618589186,0.0280517498512986
168,0.9690838379353128,0.00026793104499534193,0.000567488442263079,0.030080742577428665
169,0.08152115471684361,0.00013381632142642677,1.4956470925746428e-05,0.9183300724908042
170,0.9394583568172595,0.0008585173760426591,0.00014480433217736816,0.05953832147452026
171,6.801057383965789e-06,0.9957462396040958,0.0031715341406286786,0.001075425197891555
172,0.0016965787295357695,8.049254451505699e-05,0.9733057628522332,0.02491716587371605
173,0.992557591678326,0.0023077901327493273,0.002663917007384115,0.0024707011815405587
174,5.070923088824038e-05,0.9889906489038349,0.009702880389110088,0.001255761476166705
175,0.0010470019259629462,0.0001362145878582146,0.9971047460295993,0.0017120374565792618
176,7.592718004364263e-05,0.9871548223767148,0.012553780714606434,0.00021546972863511685
177,2.4664808704139724e-06,0.9975269391076238,0.0018033788846258544,0.0006672155268797848
178,0.00016775915981506214,0.9531901620499761,0.04242674237441699,0.004215336415791954
179,0.9844592949218264,7.423565091880819e-05,0.00012011359051140904,0.01534635583674348
180,4.4525508115311947e-07,8.011527709616208e-07,0.9994203965348631,0.0005783570572847478
181,0.02120953230855668,0.000639026742213387,0.009958240328190529,0.9681932006210394
182,1.0975080619069957e-05,6.6211643057544334e-06,0.9966034051931448,0.003378998561930434
183,0.0008874352303059522,0.9989547235233533,6.482410064816199e-05,9.301714569226422e-05
184,0.012693163406070376,9.22256755355919e-06,0.0004112815811159501,0.9868863324452601
185,1.4497160310964512e-05,0.9447176721436996,0.05479683480237321,0.0004709958936163446
186,0.8584690771924619,0.0004603051789152779,0.03372629219528888,0.10734432543333353
187,0.004649947417559401,0.00010472575195333734,6.349359329616624e-07,0.9952446918945542
188,1.4575845523201594e-07,0.9997675148969858,1.4133308962620554e-06,0.00023092601366252308
189,0.7601450449347283,0.00022564134222645126,0.00026112144735576377,0.2393681922756895
190,4.2049255117691694e-08,0.9999641528994542,1.1180677321464007e-06,3.468698355868914e-05
191,0.6898290029667312,0.0005517910952810557,0.0005055896087134798,0.30911361632927437
192,0.0031397436531379087,4.805667492138739e-06,0.0005966767845311104,0.9962587738948387
193,5.5264767381457126e-08,0.999837570150535,1.2220946124507475e-05,0.00015015363857288216
194,1.3907516552912993e-08,0.9999118966403819,6.894717746926651e-05,1.9142274632452858e-05
195,0.0010482060507761186,1.3618687090619855e-05,0.0010903735763788261,0.9978478016857545
196,1.592820767138211e-07,3.225955186403012e-07,0.9997934169190442,0.00020610120336034997
197,0.00016873641483602518,0.014789753676256385,0.9796669517360408,0.005374558172866959
198,0.009348798250788744,7.996156640995704e-05,0.27759449616663473,0.7129767440161666
199,3.516296603376062e-08,0.999977197390023,1.1973855211900395e-07,2.2647708458695292e-05
200,7.537581114107861e-07,0.9993383418990749,2.734708208745282e-05,0.0006335572607264712
201,8.963539005317431e-05,0.9844109055559699,0.013598625385763155,0.0019008336682138057
202,0.9929488144751302,0.00010122345024117287,0.0017003574990444312,0.005249604575583999
203,3.37874422875973e-05,0.006694124781751617,0.9927745262184502,0.0004975615575106492
204,0.00026333970328119155,0.09182552837277787,0.9049817205286641,0.0029294113952765305
205,0.9957804937030097,0.0001375354999956062,0.003176471978372797,0.0009054988186219814
206,0.00123666967148609,0.9692758946513144,0.02451920133475006,0.004968234342449511
207,1.6495380104619983e-08,0.9998001481475486,0.00017173119074637077,2.8104166325009853e-05
208,0.9555175138422927,0.011075215750038604,0.0006587146929216769,0.032748555714747184
209,0.005037565907630251,4.833699773435644e-05,0.004735281435326446,0.9901788156593089
210,0.8857086023379358,2.310937236992689e-05,0.00032766818792188626,0.11394062010177256
211,0.0007769705931684141,8.855551095815147e-06,0.0019488711178274154,0.9972653027379083
212,3.8555700998164386e-10,0.9999730060078863,1.4903547085768524e-05,1.2090059470949588e-05
213,2.014327312408796e-07,2.5337585235726574e-07,0.999535841815441,0.00046370337597534226
214,0.9629305519243622,0.00037737694548332186,0.0006364962174205144,0.03605557491273393
215,0.9771432882377138,0.0011181739519090575,0.0007782105900551936,0.020960327220321956
216,8.819152518845886e-08,0.9999365718292365,5.523990568711625e-06,5.781598866974036e-05
217,0.7388127236956203,0.008608125532356048,0.08845992786601986,0.1641192229060037
218,4.099723097826112e-05,0.009650776074379974,0.9901866149270189,0.00012161176762318814
219,1.2173872293309545e-06,1.0452496550891023e-06,0.9989391352495106,0.0010586021136050094
220,0.050537218907935624,0.0002520723436446559,0.9308590306573961,0.018351678091023747
221,0.011094371787311971,0.00014315173662457335,0.007330997857470161,0.981431478618593
222,3.0467355784728605e-06,2.0089420827208707e-06,0.9984029460303117,0.001591998292027183
223,0.03437923237866411,0.00019741122469785726,0.010419332140403807,0.9550040242562341
224,0.9621350718512753,4.102120244488701e-05,0.0030885526860318186,0.03473535426024795
225,0.016263557376428393,0.004309392452014749,0.1259862166099488,0.8534408335616082
226,0.002135935933840596,0.0003009667730696543,0.9932293794255421,0.004333717867547557
227,0.002489752014084403,0.029063276125428528,0.9662742792787266,0.0021726925817604137
228,0.002941932431600717,0.0002641691348033711,0.0006477916337671768,0.9961461067998287
229,0.00038426530057231764,0.9687244612447665,0.029527168298548654,0.0013641051561125166
230,0.0016627415876743982,0.00010797006143218365,0.01761603685367212,0.9806132514972212
231,0.004658872415675686,2.562041000561002e-06,0.0009532534974922691,0.9943853120458316
232,0.8912598564863767,0.00013072803956829424,2.5711638606663994e-05,0.10858370383544856
233,3.2853191723807216e-06,0.9973048178471611,0.0025665963400276753,0.0001253004936386466
234,0.0009515768002758237,0.9665989336995773,0.030123473802081815,0.0023260156980650037
235,0.8389551386842071,0.0005110871448851893,0.06968297138455794,0.09085080278634963
236,0.0034875020398424513,0.9859612830320449,0.005735990777054753,0.004815224151058022
237,1.773050714677093e-05,0.9932900112923976,0.005923486211961028,0.000768771988494681
238,7.707522518429652e-06,0.9957008357981587,0.004054598362045212,0.00023685831727787514
239,0.9824352564499559,9.32336775978029e-05,0.00014102615523112823,0.017330483717215257
240,9.277085142953554e-09,0.9998915181286884,5.610713033335104e-05,5.236546389317072e-05
241,4.881447084768162e-07,2.9139348948672633e-07,5.512787965705199e-07,0.9999986691830055
242,0.9452554582626173,4.3249332706381216e-05,0.00042159158904014486,0.054279700815636274
243,0.09160834961944732,3.0408856591464495e-05,0.0008670445349019076,0.9074941969890592
244,0.0013514927701417118,0.934869571046906,0.06079556517781714,0.0029833710051350095
245,0.015833627446836664,8.213920030909403e-05,0.009837443260432325,0.9742467900924218
246,0.0038417783377895777,0.00011536131251830916,0.8886921642361839,0.10735069611350799
247,0.02491651501662801,0.0002857473333557855,0.008226034499152891,0.9665717031508635
248,0.06846347375182829,0.00011242584389437884,0.17943944341089385,0.7519846569933832
249,0.0009191828424032654,0.993575069630733,0.005016232226651608,0.000489515300212229
250,0.9987657034277857,0.00011159724922527404,0.0001414370091914706,0.0009812623137976837
251,0.0017755978942078552,1.081553081045679e-05,0.6523009669364087,0.3459126196385727
252,0.9885361040077874,0.0013949810729210709,0.0064355781843266815,0.003633336734964886
253,0.0031649157332733005,5.633341082108266e-05,0.04305316876229138,0.9537255820936144
254,9.149243509190433e-10,0.9999820598553953,1.702833248883339e-06,1.6236396431544355e-05
255,3.5807299452694945e-06,2.8531635546804836e-06,0.9985371729218725,0.0014563931846274959
256,0.0006165000338105735,0.0005771815864899162,0.97016832470309,0.02863799367660938
257,0.027084791939806025,1.0511517900771236e-05,0.04249187923350726,0.930412817308786
258,0.850529888428389,0.0004205720662481203,8.27819780552169e-05,0.14896675752730762
259,5.897090630667137e-05,0.9195378566841427,0.07976067315158121,0.000642499257969334
260,0.0013286876340476543,0.9823910784943293,0.005481614117240025,0.010798619754383123
261,0.007594896961655688,0.9899891437303747,0.0012389601724059041,0.001176999135563576
262,5.7521899497511784e-09,0.9999231383755232,2.9990484470798517e-05,4.6865387815889285e-05
263,0.8876087203932016,0.0006186627158244792,0.0007040603244025841,0.1110685565665715
264,0.885424874583629,0.0006361226902494676,6.204755831286505e-05,0.11387695516780882
265,2.734646742498921e-09,0.9999620188010413,3.26088340872858e-07,3.765237597090129e-05
266,6.892272158939376e-05,0.951634568773285,0.04766926404136997,0.0006272444637552964
267,0.0011578500836765986,4.629805578126494e-07,0.00022848006724293044,0.9986132068685228
268,3.2456103203140854e-07,5.935349492844966e-07,0.9994935960624836,0.0005054858415351471
269,6.959364584376638e-11,0.9999928059386797,9.488200001331148e-08,7.099109726620142e-06
270,0.042207996646992166,0.01787104342171382,0.9382525056524008,0.0016684542788932243
271,9.957172363195545e-07,1.3631278183732798e-06,0.9990959458794914,0.0009016952754538432
272,0.011740822662640031,0.986023757422636,0.00044266396111533737,0.0017927559536088404
273,0.9758448244816866,0.01709374851605304,0.0056040724440189985,0.0014573545582412598
274,6.839793117071802e-10,0.9999855477369323,1.5315686272878066e-06,1.2920010461174133e-05
275,0.00011501603351130775,0.12262076772443682,0.876901782519556,0.0003624337224959916
276,0.9993755095913721,0.0002932777896375073,0.00014228963751669024,0.00018892298147366724
277,0.002904628671396064,3.990647284023974e-06,0.0005076675932589711,0.9965837130880612
278,0.008711424476234195,0.9093960232954301,0.07932249330724536,0.002570058921090001
279,1.8341346483815172e-06,3.3638909495599013e-06,0.9992558283761593,0.0007389735982428137
280,0.014361480852692409,0.00014508853746763233,0.9720206033932792,0.013472827216560694
281,0.0007450431904444993,0.0002790976095587026,0.8910865456720549,0.10788931352794177
282,0.9255531862231191,0.0468529982549269,0.012139624574546337,0.015454190947407572
283,0.9563445419780383,3.85360325007425e-06,0.0006435248139922817,0.04300807960471917
284,0.98773672085085,7.935785608276935e-05,0.00454287649356443,0.007641044799503058
285,0.8851477939123864,0.001099362073248533,6.46569377524883e-05,0.11368818707661241
286,1.2180399482956726e-07,0.9994417673110854,0.00043686283372512,0.00012124805119461243
287,9.881553284399143e-10,0.9999900067670878,1.855576611276528e-07,9.80668709577279e-06
288,2.038039050550213e-06,3.511099450049551e-06,0.9987160605704936,0.0012783902910058114
289,1.089305000554635e-07,0.9996737925398944,8.846907470597209e-05,0.00023762945489938565
290,4.233454749069434e-07,0.9998647633709546,3.84069325541307e-05,9.640635101628544e-05
291,1.0124114114230676e-07,0.9997535015812731,1.759098036167188e-05,0.0002288061972239877
292,0.01254090983758283,1.0025428901880754e-05,0.0024560396123994455,0.9849930251211158
293,0.004935540824970235,9.732320406403462e-06,0.0009448429634594669,0.9941098838911637
294,0.09157898251792997,0.000673068586983539,2.3403587959389417e-05,0.9077245453071272
295,0.997923009090428,0.0013842263591264787,0.0001542093895592063,0.0005385551608864408
296,1.5366657389147985e-05,0.993718116425334,0.004580227635708542,0.0016862892815681877
297,1.708959950974166e-07,0.9996859482739586,2.4139252061412487e-05,0.0002897415779847746
298,0.009872037833126079,0.0002697773761274555,0.025939145879383244,0.9639190389113634
299,1.683220402530531e-05,0.9945605437720395,0.005280176675058422,0.0001424473488766477
300,0.09158502850704854,6.534649959829312e-05,0.0007655958889145658,0.9075840291044385
301,0.9987741301645112,2.9609636178899153e-05,0.0007609912791896821,0.0004352689201202835
302,0.00015772061524792214,0.9812545703910949,0.018332631237056925,0.00025507775660036833
303,0.006358356216044876,7.182212431202632e-05,0.0019588702559925073,0.9916109514036502
304,0.037501462613943895,0.0005057903133914978,0.8284543711183683,0.1335383759542964
305,0.9967753668180984,6.405227305059735e-05,0.0003731845216586069,0.0027873963871922155
306,0.9830500351318974,0.013981608139272204,4.173481008703797e-05,0.0029266219187434285
307,0.9148321656220234,1.9026453788105275e-05,1.0758312498471786e-05,0.08513804961168997
308,0.99219906724208,0.00018061179068662632,0.0011473543991035466,0.0064729665681302105
309,0.011841588817045898,0.00018415937394259256,5.850944572926577e-07,0.9879736667145544
310,0.9820071650656159,9.757573675367418e-05,0.00015040647704944667,0.017744852720581062
311,0.002053939879412791,1.0717930915565165e-05,0.0010234400115940391,0.9969119021780778
312,0.008777954720986596,4.7059331161699245e-06,5.333798912887283e-06,0.9912120055469845
313,0.03868815053757,4.041015213392106e-05,2.7178955115818436e-06,0.9612687214147847
314,6.506669287830445e-07,4.334781901197682e-07,0.9993436348758783,0.0006552809790029546
315,0.9664571604837952,0.02988405157015937,0.00021558962974980078,0.0034431983162956743
316,0.995438491548992,6.16389265511161e-05,0.0029921818070735885,0.0015076877173833666
317,0.004742533731708553,0.025509768548158937,0.008164138830068524,0.9615835588900644
318,3.4118950121734465e-06,0.9971790795223456,0.002692266195908033,0.0001252423867342083
319,0.000780975516984323,0.0004035988309609224,0.9961007709611909,0.0027146546908638344
320,1.3159440086275637e-07,0.9994662140640849,0.0005084135390031936,2.524080251092923e-05
321,3.0058941913451298e-05,1.8954207848045756e-05,0.9941804350851523,0.005770551765086166
322,0.004160754603094401,5.411526702208652e-05,0.01180431674136755,0.9839808133885161
323,0.9981433073458531,5.1613248405332926e-05,0.00014999022736566906,0.001655089178375876
324,0.0003394642528839371,0.9722314086650388,0.027147142240869122,0.0002819848412081267
325,0.9708793300149945,3.290833245347923e-05,0.016898925674872962,0.012188835977679184
326,0.0002604465869411488,0.9780185291924391,0.020924516177406503,0.0007965080432131698
327,0.006773966764898791,4.06198143506996e-06,0.0012931017745236991,0.9919288694791425
328,0.8612587801545767,0.05764039354478625,0.027880085573943975,0.05322074072669311
329,0.011731820318416629,7.21315253511392e-05,0.881285381019205,0.1069106671370268
330,2.2629337123021767e-08,0.9999686609653502,2.4350357706237986e-06,2.8881369542012384e-05
331,8.693020128165921e-08,0.999591940057738,0.0002900344883661673,0.00011793852369457987
332,9.611531725381023e-05,0.9850859825320699,0.013055749072603155,0.001762153078073136
333,0.9150356162249528,0.024074403868860263,0.05814947602940429,0.0027405038767827064
334,2.2454205956962666e-06,0.9975552922438606,0.0018876179776565144,0.0005548443578873318
335,0.0010463412885823792,0.9983205887772347,7.915407111459689e-05,0.0005539158630683783
336,0.9960100985825873,0.0010803281622547359,0.0019858554647192044,0.0009237177904390132
337,0.8829881812204453,0.0025730526159046586,0.0008898766931785709,0.11354888947047141
338,9.702850269150141e-05,0.9853945311546567,0.014083929158651566,0.0004245111840003106
339,0.993394495939196,0.002944560030940226,0.0027023783929859143,0.0009585656368778356
340,0.0020359814204430338,5.667816377157487e-07,0.00037296763456016617,0.997590484163359
341,0.864958648114299,5.274132623531558e-05,0.005894444367257855,0.12909416619220807
342,0.0019702960972898826,0.00011523194950132362,0.0026376701839517526,0.9952768017692571
343,5.880966331104697e-07,0.9988484305102446,0.0010991755071462325,5.180588597584096e-05
344,0.0006350303082710918,0.9933420287282358,0.0036258077776248087,0.0023971331858685207
345,0.886052816886777,2.3514996499501912e-05,0.00010046166112172088,0.11382320645560205
346,0.0031600385726994877,0.0017611198393975443,0.9948351199380182,0.00024372164988469447
347,0.027364923016222863,4.077745957603645e-06,0.00026586281048211774,0.9723651364273374
348,5.941658803995638e-06,0.9963723586766791,0.0034939091438477557,0.00012779052066927177
349,7.752987231394868e-07,8.022870713187087e-07,0.9992350397594466,0.0007633826547589966
350,0.0016454132359036927,3.121355062669595e-05,0.9545580185255241,0.04376535468794559
351,3.610970598105771e-08,0.9999361131475266,2.6314977984163023e-05,3.7535764783348533e-05
352,0.0004364831224982308,0.9673913885046118,0.031796379072143284,0.0003757493007467236
353,7.39942302333289e-09,0.9999371533787369,6.880968132624087e-07,6.215112502701238e-05
354,1.2695616946352305e-11,0.9999976011115786,1.0002400150357349e-07,2.298851724080937e-06
355,8.744211009591588e-06,0.0017726165636891547,0.9981002837274464,0.00011835549785495881
356,0.0033622780181276546,7.57617311826532e-05,0.9745126469247483,0.022049313325941206
357,0.9947020354905163,1.083967226729832e-05,3.285401167943087e-05,0.005254270825537025
358,9.591284838358315e-07,9.916093511115681e-07,0.9989420713833469,0.0010559778788181626
359,1.0403649600335978e-08,0.9998995546263688,2.9095175138097654e-05,7.13397948434054e-05
360,0.8086471257059904,0.014576990775843231,0.13129865580638225,0.045477227711783946
361,0.000310543938154652,0.9737799000693708,0.02520375580610206,0.000705800186372556
362,0.04384236981283695,0.0011511940848009802,0.0066693137802949,0.9483371223220672
363,0.0043284216266065295,0.9933805403682608,0.00021585817382620674,0.0020751798313065196
364,1.86508575033847e-05,0.0070928603423267705,0.9925706178180648,0.00031787098210501455
365,0.002622229428630906,3.6666774003663e-05,0.9704914239529902,0.026849679844375293
366,1.2102481398673533e-09,0.9999677448773647,7.284018809523887e-06,2.496989357773901e-05
367,0.003150257688181316,0.00038658270548452974,0.03517512117712375,0.9612880384292104
368,0.9926787762183077,2.368303411524016e-05,0.00015555315788624063,0.0071419875896907865
369,1.0060326656476627e-07,0.9999848262462077,3.1576653944568906e-07,1.4757383986406348e-05
370,0.9940270357972407,1.1923999120816623e-05,9.848896608070148e-05,0.0058625512375578455
371,0.005604688467968023,6.153962683484741e-05,0.07043371135462159,0.9239000605505758
372,1.5670367474642638e-09,0.9999545014892713,1.8117311471676687e-05,2.7379632220149727e-05
373,1.6255983765820728e-06,1.723285237051092e-06,0.9985518861874355,0.0014447649289509145
374,0.996439674979197,2.078667143569692e-05,0.00034316655172780597,0.0031963717976394275
375,0.0018449460439727786,0.0004316715162876398,0.9969034615270044,0.0008199209127353793
376,4.0308871039586574e-07,0.9991538451012545,0.0006238938844686638,0.00022185792556648842
377,0.9654450055178382,0.024570537460790288,0.006450305901849122,0.003534151119522303
378,0.9927411635804462,3.819981800277862e-05,0.00014180632333172537,0.007078830278219427
379,3.868176973605998e-06,3.0244259411367786e-06,0.9981763154039319,0.001816791993153444
380,4.794851680245202e-09,0.9999363024833602,2.9950183106737478e-05,3.374253868133301e-05
381,0.003960183299700157,0.0008945125155911227,2.145879248842616e-06,0.99514315830546
382,0.926261169533134,1.4793129060517355e-05,0.002553891806005351,0.07117014553180032
383,0.0002151782730481458,0.00013072969472719548,0.9839232178213566,0.01573087421086792
384,0.004091487456948448,2.1620138037102605e-05,0.9799767367061241,0.015910155698890212
385,2.2339479849960772e-05,0.0076642092825559,0.9913454211536363,0.0009680300839577027
386,6.536041555683057e-08,0.9997240532620452,9.644263415596785e-05,0.00017943874338308819
387,6.991360115217813e-08,0.9998869682463303,2.1420957065688322e-07,0.00011274763049800107
388,0.9947264052002587,0.00013568500824398725,0.0021471047714450367,0.002990805020052542
389,0.0006484607717957808,0.993471797014135,0.0010054127464928443,0.004874329467576513
390,5.039962965455568e-08,1.0354592461449585e-07,0.9998328885350507,0.00016695751939491325
391,0.003162461766807422,0.001254109732464629,0.9876508560364963,0.007932572464231635
392,0.00018657912509886373,0.9602786619763085,0.03872035545891413,0.0008144034396785477
393,9.381290793139374e-08,0.9998056902902847,0.00016367460766313763,3.05412891442018e-05
394,0.0002451794672513859,0.010671583336634401,0.9868264235953361,0.002256813600778087
395,0.9924471277249637,2.040122973415592e-05,3.004661608345906e-05,0.007502424429219034
396,0.016089378469496048,7.410827324459616e-05,1.2693598576878595e-05,0.9838238196586826
397,0.0003464094528022965,8.980412687140612e-06,0.0021629354715832446,0.9974816746629271
398,9.378424461326722e-10,0.9999784737500161,1.0180874646180827e-07,2.1423503395061812e-05
399,0.004278736534991302,0.06816451367027908,0.9219830396276897,0.005573710167039837
400,5.4320722134886924e-05,0.95696257557966,0.03761036778956826,0.0053727359086368715
401,2.0168100066606433e-05,0.9668633568765235,0.03139352394849117,0.0017229510749188141
402,0.6589234769977818,0.00012442024370592917,0.0005055007168188424,0.3404466020416937
403,0.0009170814753528164,4.586362316437706e-05,0.9594604309000563,0.03957662400142632
404,0.971176657444883,0.02544572479328438,0.002950034947902,0.00042758281393057086
405,0.9858066412689707,0.0007673804007278116,0.00632928056049234,0.007096697769808996
406,0.988222143169878,6.33894584440184e-06,0.004581169006892282,0.007190348877385179
407,0.9971997035623963,0.0002498536876683774,2.9875357060274632e-05,0.0025205673928750784
408,0.0005935279366604956,0.9964979500367807,0.00254486681205169,0.00036365521450731875
409,0.9751394887649124,0.00036500356421557625,0.022011489764286973,0.0024840179065848986
410,0.984641879980821,5.538614810519851e-05,0.0029420486674831374,0.012360685203590897
411,0.9557527580458837,1.1440236812419342e-06,0.00018951589622856035,0.044056582034206884
412,3.077195607840703e-05,1.8487147640293187e-05,0.9940719331864772,0.005878807709804042
413,0.00017073895349691844,0.9807854739398777,0.018875653632292173,0.00016813347433319972
414,0.9858898506151739,4.306483277908891e-05,0.005531557281478386,0.008535527270568872
415,0.00012690450863391654,0.44062594057601456,0.5585723577627522,0.0006747971525990705
416,0.9135464906095208,0.00023272660064747403,0.0484605336690644,0.037760249120767385
417,0.0009966619041039274,0.9973184754772187,0.0011889046778287568,0.0004959579408487183
418,0.0005710942729959136,0.038135287551796945,0.9608414333200158,0.00045218485519114013
419,7.672556545727467e-08,0.9995961909305758,0.00024866262737143803,0.0001550697164871836
420,4.989537944618159e-05,0.918544896276518,0.07958905024193234,0.0018161581021037937
421,1.535812389714845e-05,0.9950025876899904,0.002476852551384941,0.002505201634727573
422,0.995033647217387,8.193323414524267e-05,1.6330851386368233e-05,0.004868088697081768
423,0.0038036099660008716,0.00016398084953690432,0.021856153180437536,0.9741762560040247
424,6.711437609391265e-08,1.2015941888275364e-07,0.9997823380983848,0.0002174746278201127
425,0.00028239833944501924,0.9740153958112079,0.025422868219545283,0.000279337629801679
426,8.50680628438485e-06,0.9980130221507447,0.00026353563202312325,0.0017149354109478113
427,0.00010363812189367888,0.9847872571083883,0.013077263470988343,0.0020318412987297076
428,3.1767731284441242e-09,0.9999512881404972,1.755132703993267e-05,3.115735568981096e-05
429,1.6148315265196786e-06,0.9980945842617184,0.0012253067468828791,0.0006784941598721759
430,1.432082516781096e-06,0.9980828939250016,0.0014104077173603489,0.0005052662751212986
431,0.020852407512179847,6.924688628683231e-06,0.002269269998834363,0.9768713978003571
432,6.717618665000952e-07,0.9987592869038302,0.0011906764151884174,4.936491911493497e-05
433,9.072343030905349e-07,9.579573697107638e-07,0.9991115767775928,0.0008865580307344635
434,0.00033554405200203713,3.898835043708667e-06,0.7346283192348007,0.26503223787815344
435,0.0003869786817884328,2.2982109761698345e-05,0.0051013321462963805,0.9944887070621534
436,8.875807306955002e-05,5.502915532699501e-05,0.9898259040589086,0.010030308712694698
437,4.600354193970943e-06,0.9969349763595031,0.002892306019986028,0.0001681172663167805
438,7.47191192343548e-08,1.4389805857887638e-07,0.999784508413446,0.0002152729693762601
439,0.0014821895441545444,6.402277901509727e-05,0.89091731012353,0.10753647755330017
440,2.514354246920459e-07,0.9995984084712667,0.00011257407628201198,0.0002887660170267977
441,1.041676477057788e-06,1.2395429496838366e-06,0.9997804834317368,0.0002172353488363884
442,4.610428857934227e-06,0.9965378696120577,0.003026091370149946,0.0004314285889344495
443,0.9963156459713606,1.2269091586902317e-05,0.0010436272096887589,0.0026284577273636865
444,0.0007996180294924218,0.1556410296680795,0.8426347272382259,0.0009246250642023926
445,0.0019011784901898153,3.3987824808839053e-07,2.497210288775993e-05,0.9980735095286747
446,0.8820443317027958,0.00029330873827399553,2.6697401074658194e-05,0.11763566215785569
447,3.885125626901575e-05,0.9908332161783988,0.007158368839822376,0.0019695637255099374
448,0.3029688321844499,0.00031253822011014914,0.05724079095893418,0.6394778386365056
449,0.9295256573821851,0.0014594904629160407,9.420698991379689e-05,0.06892064516498513
450,0.004196306189022685,0.9878951408092285,0.001789917565942165,0.006118635435806819
451,5.1790153097122265e-09,3.0927867121616658e-09,5.86774707176067e-09,0.9999999858604508
452,1.8778559842205456e-07,0.9999552640665882,9.117076440082363e-06,3.543107137323658e-05
453,0.0026953192045494337,0.9969787603060345,0.00011130232182702202,0.0002146181675887235
454,1.462502633158541e-09,0.9999730114320119,6.576643877232106e-07,2.6329441098031868e-05
