,0,1,2,3
0,0.99749833,0.0023508226,0.000101647776,4.9224444e-05
1,0.9999815,2.1613144e-07,1.0029736e-06,1.7278928e-05
2,9.265126e-05,5.5641935e-06,0.00015850588,0.9997433
3,0.00083396013,7.428601e-06,7.011773e-06,0.9991516
4,8.319128e-08,0.9999759,2.326008e-05,7.701046e-07
5,2.3074794e-05,1.6784667e-06,5.265148e-06,0.99996996
6,3.2987525e-06,9.455952e-07,0.9999839,1.1810898e-05
7,0.00015100822,5.0170634e-06,1.2241031e-05,0.9998317
8,3.8373805e-08,0.9999988,9.1535946e-07,2.0588233e-07
9,1.6814336e-07,0.9999989,5.4432235e-07,3.2426126e-07
10,0.9999136,1.3466987e-06,6.434911e-05,2.067208e-05
11,0.0021602854,0.99740136,5.3647742e-05,0.00038476667
12,0.9997758,5.5979604e-06,0.00017067362,4.790996e-05
13,0.00014185112,1.567171e-05,0.0006274758,0.999215
14,0.0026801701,3.9614174e-06,4.5212773e-06,0.99731135
15,0.9976361,0.00088774244,0.00066676055,0.0008094554
16,0.99903995,3.249877e-06,1.8859533e-06,0.0009548391
17,8.459894e-08,0.99999523,3.3492333e-06,1.3656729e-06
18,0.0009426989,2.3099768e-05,9.994553e-05,0.9989342
19,1.444016e-06,0.99998426,1.2892217e-05,1.3984035e-06
20,0.0026378264,5.8819143e-05,0.9962903,0.0010130092
21,0.9945996,0.004728048,0.000106151776,0.0005662325
22,1.0512372e-05,1.3917912e-06,3.4220957e-05,0.99995387
23,0.9998666,1.0203448e-06,2.3049768e-06,0.00013005149
24,9.9921104e-05,5.4974585e-06,2.000802e-05,0.9998746
25,2.3054342e-07,0.99990344,9.4392446e-05,1.8695426e-06
26,7.7518024e-07,0.99993336,6.557072e-05,3.3630013e-07
27,9.36841e-06,3.199727e-06,0.9999168,7.0676455e-05
28,2.4346857e-05,2.5534212e-06,0.99995816,1.49694815e-05
29,0.9976145,0.0022691085,3.892292e-05,7.7523684e-05
30,6.079519e-06,2.4053093e-06,0.99991024,8.127436e-05
31,3.4834034e-07,0.99987876,0.00010334163,1.7497556e-05
32,9.4616644e-07,8.059153e-06,0.99996984,2.1202886e-05
33,1.6395403e-06,1.0457683e-06,0.9999894,7.952967e-06
34,1.4020375e-06,4.3232485e-06,0.99996173,3.2563035e-05
35,2.6401793e-07,0.9999871,8.7035905e-06,3.9537845e-06
36,1.3359367e-07,0.9999939,5.076978e-06,9.0208204e-07
37,4.6597492e-08,0.99998903,9.560137e-06,1.3261364e-06
38,0.9998159,1.3141376e-06,1.1970495e-06,0.0001816915
39,0.99325585,6.1781204e-05,1.7843846e-05,0.0066645257
40,1.259072e-07,0.99999666,2.938049e-06,2.3281888e-07
41,3.168977e-05,0.9999137,5.2200037e-05,2.43188e-06
42,7.136136e-05,1.5742296e-06,0.9999002,2.6778765e-05
43,4.7204747e-08,0.9999821,1.7182087e-05,6.308786e-07
44,4.437531e-07,1.3214103e-06,0.99999225,5.9780373e-06
45,0.99956113,1.558647e-05,0.00016588508,0.0002574309
46,0.99824214,1.9348869e-05,7.818467e-05,0.0016603416
47,3.1849615e-06,0.00035702364,0.9996184,2.1342614e-05
48,3.2201193e-08,0.9999964,3.0171136e-06,4.7559718e-07
49,5.78974e-05,7.6698625e-06,0.9998872,4.7166865e-05
50,1.1527654e-05,0.9999821,4.3424643e-06,2.018438e-06
51,0.001969487,2.4040053e-05,8.6528635e-05,0.99792
52,6.5407626e-06,1.4967835e-06,1.652434e-05,0.99997544
53,1.9132361e-08,0.99999845,1.0013066e-06,5.0257324e-07
54,5.5047226e-06,1.7248155e-06,0.99996483,2.790561e-05
55,4.1677675e-05,1.5698882e-06,1.43576135e-05,0.9999424
56,4.892986e-08,0.9999963,3.0472675e-06,5.991974e-07
57,0.9975188,7.125981e-05,0.0022671896,0.00014281792
58,0.9996357,3.6806623e-06,0.0003268932,3.368011e-05
59,0.9999213,9.962652e-07,6.44188e-05,1.3206861e-05
60,0.99981517,4.069973e-07,7.6689696e-07,0.00018364246
61,7.096133e-06,0.99987054,0.00011452381,7.821261e-06
62,0.0003790721,3.6971112e-06,9.539683e-06,0.99960774
63,6.3492253e-06,8.066644e-06,0.99997675,8.859231e-06
64,0.9999865,3.6856866e-07,8.907708e-06,4.181027e-06
65,2.9742894e-05,0.99908674,0.00082074344,6.2757565e-05
66,1.7928021e-05,1.853686e-06,0.99976367,0.00021651499
67,5.586824e-05,0.9992224,0.00065393193,6.781469e-05
68,3.8878937e-08,0.9999882,1.0059379e-05,1.7249448e-06
69,0.99989486,3.614092e-05,4.1145635e-05,2.7874428e-05
70,3.0683025e-06,0.99996316,1.7056427e-05,1.6710805e-05
71,5.899807e-09,0.9999989,8.300177e-07,1.8204713e-07
72,1.2574156e-07,0.9999914,8.241027e-06,2.3599084e-07
73,1.03477e-06,1.7852507e-06,4.411231e-05,0.99995303
74,0.00013504858,2.7394624e-06,1.0134045e-05,0.99985206
75,0.9996748,8.1267084e-05,0.00013742539,0.00010655973
76,5.1592682e-08,0.9999831,1.6075157e-05,8.2161876e-07
77,0.99912447,4.8601914e-06,6.5306854e-06,0.0008641614
78,3.0216808e-05,5.9113136e-05,0.9997863,0.00012442017
79,0.000169959,2.1077253e-06,7.9557085e-06,0.99982005
80,0.0049898303,3.3513923e-05,4.1953135e-05,0.99493474
81,0.9999324,3.6101576e-06,1.346405e-05,5.0561193e-05
82,0.99922764,9.671715e-06,0.0006811408,8.148942e-05
83,4.7492034e-07,0.9999894,9.721588e-06,4.1256678e-07
84,0.00055376976,5.7574152e-06,3.5757625e-05,0.99940467
85,2.9786042e-07,0.999982,1.45120885e-05,3.1956356e-06
86,0.0016242891,1.486662e-05,7.336687e-06,0.9983535
87,3.769369e-06,0.9999815,1.3435197e-05,1.3227943e-06
88,4.2980563e-08,0.9999417,5.7930327e-05,3.6799932e-07
89,0.0001887339,0.9998017,5.3897274e-06,4.171823e-06
90,1.1328314e-07,0.99999464,4.0989216e-06,1.0951778e-06
91,0.9987766,9.1105385e-06,6.825821e-06,0.001207499
92,0.9997055,5.7241264e-06,0.00026264484,2.6050908e-05
93,0.9998734,9.0956786e-07,4.3141667e-05,8.247433e-05
94,7.863621e-05,1.6995449e-06,1.1756596e-06,0.99991846
95,6.0513858e-06,0.9999783,1.5070842e-05,5.3551935e-07
96,1.770035e-08,0.99999654,3.2605733e-06,2.2004178e-07
97,0.9998822,6.229912e-06,7.513917e-05,3.641343e-05
98,1.4230683e-06,0.9999865,9.705848e-06,2.3494674e-06
99,0.00028643507,1.5300178e-05,0.99954176,0.00015653536
100,0.99998677,4.503739e-07,6.251836e-06,6.567545e-06
101,0.9975448,0.0003083783,0.0013137707,0.0008330094
102,7.103873e-05,4.4814187e-06,0.99991596,8.479278e-06
103,0.99642974,0.0002680996,1.7273358e-05,0.0032849456
104,5.2560656e-05,3.3168135e-06,0.99990714,3.6980087e-05
105,1.2112729e-07,0.9999925,6.1885535e-06,1.2330829e-06
106,0.99688196,9.764208e-05,0.0026638892,0.0003565415
107,2.8034907e-07,0.99999464,3.6447036e-06,1.4778199e-06
108,5.4839606e-05,2.2831504e-05,0.99974364,0.00017863074
109,4.2258026e-08,0.9999939,4.7254903e-06,1.2653854e-06
110,0.99954945,4.0992854e-06,1.4610271e-05,0.00043184258
111,0.99990225,1.1149002e-06,4.2500986e-05,5.4076238e-05
112,0.0003920411,3.2162604e-06,1.0063297e-05,0.99959475
113,1.0565041e-07,0.9999839,1.5156139e-05,7.754908e-07
114,2.4575971e-08,0.99999154,7.648529e-06,7.9465974e-07
115,1.1994099e-06,3.9964125e-06,0.99998224,1.2582318e-05
116,0.9997298,4.7248727e-06,7.1842483e-06,0.0002582381
117,5.0115904e-07,2.5365805e-06,0.99999,7.0276424e-06
118,0.999226,7.2666357e-06,3.3348624e-06,0.00076346175
119,0.00019525045,4.0636137e-06,0.99976724,3.3485256e-05
120,6.2599993e-06,7.670361e-07,0.9998783,0.00011462173
121,1.3071592e-07,0.9999956,3.7504424e-06,5.157761e-07
122,3.4654668e-06,5.1950457e-07,0.9999906,5.4875354e-06
123,2.3246907e-08,0.99998605,1.3676694e-05,2.480084e-07
124,0.002134131,1.3172668e-05,1.7813325e-05,0.99783486
125,0.99838126,1.222691e-05,1.5647825e-05,0.0015908317
126,0.00010535756,1.1915616e-05,0.0010082858,0.99887437
127,0.9999107,3.243613e-07,7.133368e-05,1.7615821e-05
128,1.1919143e-06,0.9999522,3.0293413e-05,1.629041e-05
129,0.99979633,2.579921e-06,6.55296e-05,0.00013553366
130,3.2033547e-08,0.99999905,4.7649553e-07,4.3229952e-07
131,4.1385415e-06,1.2530352e-06,0.99994016,5.446263e-05
132,3.927029e-08,0.9999902,9.09476e-06,6.068191e-07
133,0.9996915,6.6158856e-07,0.00023028463,7.763894e-05
134,2.9071874e-08,0.9999943,5.479858e-06,1.7328357e-07
135,1.3412184e-08,0.999992,6.454515e-06,1.5719257e-06
136,0.99997973,6.8366734e-07,1.1532796e-05,8.101909e-06
137,8.0197424e-07,2.0780672e-06,0.9999826,1.4529851e-05
138,2.9967268e-06,7.6162723e-07,1.8203813e-05,0.99997807
139,6.184688e-07,6.691944e-07,0.99996996,2.8774697e-05
140,0.9998098,5.5231976e-06,2.9159273e-06,0.00018173963
141,2.3820625e-08,0.9999975,1.3464855e-06,1.1325393e-06
142,3.2883785e-05,0.0004874839,0.9988285,0.00065113965
143,1.1002207e-06,0.99998426,8.367591e-06,6.2588892e-06
144,0.00010943794,4.0669697e-06,2.5242287e-05,0.99986124
145,1.0740486e-07,0.9999647,2.9753734e-05,5.3688887e-06
146,4.6937686e-05,7.928595e-06,0.000291768,0.99965334
147,7.006879e-07,0.99997747,2.0772215e-05,1.0953638e-06
148,1.1952724e-06,0.99993515,6.0751587e-05,2.9357873e-06
149,0.9994869,3.4535426e-06,0.00050238526,7.1911663e-06
150,0.0015309525,6.3819985e-05,0.9971999,0.0012053421
151,3.3878752e-07,0.99871266,0.0012810284,5.947219e-06
152,2.1040676e-05,1.2851197e-06,0.9999279,4.977552e-05
153,5.1048085e-07,0.99997187,1.2160408e-05,1.54118e-05
154,1.2147083e-06,3.9376896e-06,0.9999784,1.6404882e-05
155,1.0555883e-05,1.9539161e-06,0.9999378,4.9682727e-05
156,0.0010279639,1.6110054e-05,9.882995e-05,0.99885714
157,0.0007801811,1.4962323e-05,0.00014430082,0.9990606
158,7.323647e-08,0.9999913,7.4773657e-06,1.1085172e-06
159,1.7006512e-07,0.99998987,9.405288e-06,5.908363e-07
160,1.3937984e-07,0.9999877,5.2894948e-06,6.8338045e-06
161,6.295003e-06,0.9999689,1.9451816e-05,5.3797617e-06
162,1.051082e-06,0.99998796,8.290842e-06,2.7179142e-06
163,5.229075e-07,3.7876782e-07,8.410656e-06,0.9999907
164,2.579704e-08,0.9999858,1.2845502e-05,1.2703058e-06
165,0.00010199296,2.1150934e-06,1.3765086e-05,0.9998821
166,0.99999,3.5879808e-07,4.736056e-06,4.958556e-06
167,0.9996363,1.6385482e-05,7.091349e-05,0.00027641904
168,0.99991655,5.133495e-07,6.615842e-07,8.2214414e-05
169,0.00086614763,3.4751e-06,2.9451543e-05,0.9991009
170,0.99899226,8.972564e-06,1.3898782e-05,0.0009848835
171,3.6558074e-08,0.99999535,2.8012332e-06,1.8493085e-06
172,3.3070148e-05,3.0965707e-06,0.99973077,0.00023306119
173,0.9999789,1.02529e-06,8.435627e-06,1.1606037e-05
174,5.235204e-07,0.9995771,0.0004207381,1.6664279e-06
175,4.225217e-06,1.3357597e-06,0.99998295,1.151873e-05
176,1.0981552e-07,0.9999958,3.0489987e-06,9.985386e-07
177,2.1857623e-07,0.9999877,1.1881507e-05,1.822009e-07
178,1.6552792e-07,0.99990296,9.487416e-05,2.0269467e-06
179,0.9999027,1.5278963e-06,1.4623905e-06,9.422069e-05
180,2.177967e-07,5.449595e-07,0.9999912,8.004144e-06
181,0.0001961045,4.2900512e-05,0.00019243296,0.9995685
182,8.592107e-06,1.5217315e-06,0.9999701,1.9786277e-05
183,0.00013684886,0.99978703,7.2303104e-05,3.7926554e-06
184,0.00091029494,7.750083e-06,1.6134192e-05,0.9990658
185,9.7214325e-08,0.9994978,0.0004982089,3.9163124e-06
186,0.0060389615,4.7137337e-06,0.00023493457,0.99372137
187,0.00045165277,3.417447e-06,2.8010477e-06,0.9995421
188,2.8934712e-06,0.99991226,4.7152123e-05,3.7663358e-05
189,0.9972036,2.8945231e-05,1.9973171e-05,0.00274757
190,3.4633902e-07,0.99999535,3.3133945e-06,9.60739e-07
191,0.99383754,1.8419962e-05,3.4971286e-05,0.0061090463
192,0.0002309845,6.6415923e-06,8.939942e-06,0.9997534
193,1.1961336e-06,0.9999974,1.1446441e-06,2.5402147e-07
194,2.8302546e-07,0.9999974,1.964423e-06,3.453239e-07
195,2.775927e-05,3.5989053e-06,6.131292e-06,0.99996257
196,4.893806e-07,9.300382e-07,0.999987,1.1554755e-05
197,1.3939146e-05,3.857951e-06,0.99990046,8.176389e-05
198,1.684887e-06,1.8787008e-06,0.99733114,0.0026653449
199,1.4648352e-05,0.99995124,3.1841522e-05,2.2544457e-06
200,6.389708e-07,0.99990046,8.806485e-05,1.0846691e-05
201,2.2806873e-07,0.9999231,7.32464e-05,3.4414584e-06
202,0.999863,3.1530192e-06,9.845033e-05,3.5353805e-05
203,7.5166326e-06,2.450473e-06,0.9999838,6.2805075e-06
204,4.00605e-06,2.3859438e-05,0.9999064,6.574427e-05
205,0.9999734,2.1141673e-06,1.024077e-05,1.4239532e-05
206,4.6070024e-08,0.99979144,0.00020816247,3.9964561e-07
207,1.4582942e-06,0.9999931,3.8064686e-06,1.6487867e-06
208,0.9956393,0.0043148096,1.9079534e-05,2.6800306e-05
209,0.00025749093,8.118505e-06,5.8200752e-05,0.9996762
210,0.9989913,4.717089e-06,8.498157e-06,0.0009954353
211,1.571211e-05,6.5764957e-06,0.00037601762,0.99960166
212,1.6514315e-07,0.9999895,6.4792976e-06,3.8076241e-06
213,9.521331e-08,1.5769504e-07,0.9999987,1.070434e-06
214,0.99949026,6.8494332e-06,1.2275891e-05,0.0004905982
215,0.0048116343,0.0013376655,0.0010307102,0.99281996
216,1.9200496e-07,0.9999956,3.2633484e-06,9.763826e-07
217,0.99425656,1.8249952e-05,0.0045278976,0.001197344
218,3.1307667e-07,3.0799383e-06,0.99999464,2.002576e-06
219,2.6647253e-05,1.95876e-06,0.99994564,2.577782e-05
220,0.0033763323,1.0827822e-05,0.99655545,5.740851e-05
221,5.5208898e-06,3.34773e-06,2.3364382e-05,0.9999678
222,1.0836524e-06,1.5833825e-07,0.9999951,3.6710603e-06
223,0.0005481059,3.5620105e-05,0.00017399741,0.9992423
224,0.999838,2.8025745e-06,7.5839474e-05,8.334962e-05
225,0.0022969493,3.246544e-05,0.0011622402,0.9965083
226,8.35249e-05,1.3798456e-06,0.9998807,3.4392604e-05
227,0.00023549884,2.083027e-05,0.9995338,0.0002098649
228,9.463533e-06,1.3124583e-06,1.6102949e-06,0.9999876
229,2.2750018e-07,0.99987614,0.00012094405,2.615849e-06
230,1.9562665e-05,4.906911e-06,4.1490897e-05,0.9999341
231,8.4638385e-05,2.9026146e-06,7.5688654e-06,0.9999049
232,0.99847156,1.5099772e-05,2.608427e-05,0.0014872153
233,5.987166e-08,0.999997,2.310974e-06,6.3058667e-07
234,1.6433158e-06,0.999913,8.0273494e-05,5.1578886e-06
235,0.99578935,1.6264403e-05,0.0037274568,0.00046697902
236,2.8590318e-06,0.999969,5.647241e-06,2.252531e-05
237,3.294127e-07,0.9999937,5.6836834e-06,2.6003082e-07
238,9.069419e-09,0.99998343,1.6052583e-05,4.7403242e-07
239,0.99986315,3.298612e-06,3.2551368e-06,0.00013031832
240,3.685246e-08,0.99999905,7.926327e-07,1.1784062e-07
241,1.774109e-05,3.5205885e-06,9.790275e-06,0.999969
242,0.9990609,2.1144338e-05,2.6534932e-05,0.0008914282
243,0.0003573649,2.4442088e-06,5.266517e-06,0.99963486
244,6.500025e-05,0.993149,0.0066639325,0.00012213447
245,0.00016221986,7.604901e-06,3.926395e-05,0.99979097
246,2.7286476e-06,2.7691312e-06,0.99987614,0.00011832494
247,0.002032999,3.2463595e-05,0.00014858277,0.9977859
248,8.055888e-05,3.8920953e-06,5.1929503e-05,0.9998636
249,1.6809372e-05,0.99977607,0.00020352798,3.5711175e-06
250,0.99997616,2.5994084e-06,2.4712874e-06,1.8803477e-05
251,4.1844355e-06,2.4982448e-06,0.998288,0.001705371
252,0.9999914,8.5273393e-07,5.225004e-06,2.455341e-06
253,0.00029879247,1.1460977e-05,0.00012313348,0.9995666
254,6.645516e-08,0.999995,3.9172446e-06,9.831356e-07
255,3.5937833e-06,2.2694323e-06,0.99997365,2.0509819e-05
256,1.5720754e-05,2.908627e-06,0.99989796,8.345986e-05
257,2.7628434e-05,3.443029e-06,6.627053e-05,0.9999026
258,0.99569523,9.076526e-06,1.9126262e-05,0.004276526
259,7.7302055e-08,0.99996006,3.6347217e-05,3.5631604e-06
260,8.043898e-07,0.9999621,3.645515e-05,6.104448e-07
261,1.8663579e-05,0.99997365,5.9557565e-06,1.74473e-06
262,6.542703e-08,0.9999957,3.9183346e-06,2.8952817e-07
263,0.9981098,5.4704287e-06,1.29184145e-05,0.0018718395
264,0.99867696,4.243917e-06,1.7461239e-06,0.0013170409
265,1.198055e-07,0.9999932,4.864784e-06,1.7728994e-06
266,6.394499e-08,0.99990666,9.203861e-05,1.1789195e-06
267,0.0011473421,7.2242224e-06,1.9777395e-05,0.9988256
268,3.947838e-06,1.6879019e-06,0.99994504,4.9305338e-05
269,1.9277359e-06,0.99997914,1.6917524e-05,1.988779e-06
270,0.000558876,6.039595e-06,0.9994186,1.65201e-05
271,1.3132034e-06,2.3727528e-06,0.9999753,2.1014319e-05
272,0.00016451924,0.9998287,3.5147577e-06,3.2575151e-06
273,0.9999354,2.8019335e-06,2.8493316e-05,3.328983e-05
274,6.105245e-08,0.9999958,3.08241e-06,1.0258208e-06
275,4.0257302e-07,2.0215171e-05,0.9999763,3.1311467e-06
276,0.99987257,1.2207553e-06,0.000118294054,7.953662e-06
277,3.2158157e-05,2.283962e-06,3.3403157e-06,0.9999622
278,3.6088506e-05,0.9976776,0.0022289895,5.733733e-05
279,1.7059803e-06,2.760252e-06,0.99996424,3.132622e-05
280,1.2458227e-05,5.931302e-07,0.99997485,1.2072786e-05
281,8.709512e-07,1.1087278e-06,0.9994081,0.0005899112
282,0.9996606,0.00013023963,5.355218e-05,0.00015560062
283,0.9995414,2.284094e-06,8.016522e-06,0.0004483069
284,0.9999964,1.04035976e-07,8.7375577e-07,2.5540353e-06
285,0.9960984,7.300462e-06,1.4797534e-05,0.003879534
286,1.0238598e-07,0.9999912,7.5343146e-06,1.1455827e-06
287,5.4928785e-07,0.9999782,1.9330739e-05,1.9839297e-06
288,7.725579e-07,8.146106e-07,0.99999416,4.2750007e-06
289,2.8230051e-08,0.9999871,1.0300463e-05,2.5947436e-06
290,2.1818255e-06,0.999985,1.1880908e-05,9.486428e-07
291,3.910813e-08,0.9999989,7.353781e-07,3.2729258e-07
292,0.0003871243,6.802798e-06,1.0791449e-05,0.99959534
293,0.00011137565,1.7965599e-06,9.640787e-06,0.9998772
294,0.0026307234,4.2053894e-06,7.9891615e-06,0.9973571
295,0.9998827,6.918168e-05,5.246705e-06,4.2896198e-05
296,1.7084753e-07,0.9999814,1.7619672e-05,7.821989e-07
297,5.6074606e-07,0.9999938,4.3723103e-06,1.2385884e-06
298,7.731218e-05,6.984603e-06,0.00045545137,0.9994603
299,1.3806287e-07,0.9999908,7.576391e-06,1.4377704e-06
300,0.0033525801,7.659888e-05,5.650057e-05,0.9965144
301,0.9999789,9.1575157e-07,1.4704758e-05,5.4851116e-06
302,5.397714e-07,0.99996877,2.831602e-05,2.355166e-06
303,0.00015312665,4.16006e-06,9.346417e-06,0.99983335
304,3.1746054e-05,4.4911403e-06,0.99952924,0.0004345675
305,0.9999851,1.0124702e-06,2.996108e-06,1.094026e-05
306,0.99657756,0.0033606885,9.6839385e-06,5.2062303e-05
307,0.99826705,1.71562e-05,1.4693564e-05,0.0017010634
308,0.9987984,9.1923095e-05,0.00089225906,0.00021745157
309,0.0019740239,3.8243866e-06,1.2408987e-05,0.99800974
310,0.99953425,1.1568941e-06,1.1859713e-06,0.00046348176
311,6.916641e-05,5.45719e-06,6.1249295e-05,0.9998641
312,0.0010176736,5.4723064e-06,1.9692647e-05,0.99895716
313,0.0002765371,2.3400762e-06,2.2177423e-06,0.99971884
314,4.32129e-05,3.082565e-06,0.9998934,6.0265036e-05
315,0.9974975,0.0023646287,6.350228e-05,7.435541e-05
316,0.9999765,8.1180207e-07,1.9441468e-05,3.2434446e-06
317,0.0002572639,2.742157e-05,0.00066059903,0.99905473
318,1.22361445e-08,0.99999285,6.739637e-06,3.5211104e-07
319,5.8049063e-05,6.607228e-06,0.99984825,8.711637e-05
320,3.5025835e-07,0.9999615,3.6618265e-05,1.5829224e-06
321,4.7450303e-06,5.560556e-07,0.99997866,1.6041931e-05
322,4.517421e-05,3.1697014e-06,3.6864207e-05,0.99991477
323,0.9998832,1.780858e-06,1.2455012e-06,0.000113730726
324,6.838605e-08,0.9999881,1.1228631e-05,5.808913e-07
325,0.9992448,1.4447685e-06,0.00067052536,8.320006e-05
326,3.361e-06,0.99988496,9.165577e-05,2.0065667e-05
327,0.0008362569,3.219524e-06,6.6492985e-06,0.99915385
328,0.9960413,0.0035742512,0.0001271851,0.00025726962
329,2.8257591e-05,1.6754103e-06,0.9998926,7.745812e-05
330,1.0646472e-05,0.9997589,0.0002099588,2.0468644e-05
331,7.8506724e-07,0.99998534,7.0920555e-06,6.7497294e-06
332,3.3915367e-07,0.9999951,3.8047706e-06,7.1441747e-07
333,0.99662834,0.0015058522,0.0018229121,4.2913118e-05
334,3.7069415e-07,0.9999471,5.033749e-05,2.236254e-06
335,0.0007924316,0.99906856,7.3529256e-05,6.5503635e-05
336,0.999895,7.699523e-06,3.1933698e-05,6.5437765e-05
337,0.9976623,0.00014075519,2.2342245e-05,0.0021746354
338,2.3783988e-08,0.9999975,2.153967e-06,3.2653668e-07
339,0.9999672,1.2092185e-06,2.766753e-05,3.9528272e-06
340,0.0005524148,4.784884e-06,6.408276e-06,0.9994363
341,0.9979108,1.5319767e-05,1.9372668e-05,0.002054473
342,1.2135973e-05,3.858156e-06,0.00031268832,0.99967134
343,9.363406e-09,0.99999726,2.4236087e-06,3.6608822e-07
344,1.2728088e-06,0.9999639,2.5484864e-05,9.405259e-06
345,0.9947419,5.4364823e-06,8.864693e-06,0.005243711
346,9.344339e-05,2.6718583e-06,0.9998976,6.2461536e-06
347,0.00017894311,3.16921e-06,1.1273112e-05,0.9998066
348,1.8406062e-08,0.9999974,2.285206e-06,3.28382e-07
349,7.98148e-07,2.963708e-07,0.9999981,7.995948e-07
350,3.3222223e-06,1.1125769e-06,0.9999076,8.790362e-05
351,4.6049038e-07,0.9999914,5.5570463e-06,2.5292554e-06
352,1.0190755e-07,0.9999728,2.6499873e-05,6.1584734e-07
353,3.5078017e-07,0.99985373,0.000134283,1.1665813e-05
354,1.8262594e-07,0.9999927,5.1588904e-06,1.9446577e-06
355,8.7388867e-07,4.0155982e-07,0.99999785,8.2711375e-07
356,2.874886e-06,1.8846017e-06,0.999982,1.3223214e-05
357,0.99996436,1.0093142e-06,3.9469336e-07,3.4202916e-05
358,7.340187e-07,3.6219035e-07,0.9999931,5.813811e-06
359,3.4718366e-07,0.99998784,1.0478197e-05,1.2784707e-06
360,0.99752396,2.4531315e-05,0.0022648436,0.00018670282
361,2.1785237e-07,0.99999404,4.965807e-06,7.631248e-07
362,0.0007873718,6.9868493e-06,9.192628e-06,0.99919647
363,8.79224e-05,0.99989426,1.1258909e-05,6.5582817e-06
364,2.1047383e-07,2.146002e-06,0.9999912,6.430793e-06
365,2.2584611e-07,6.130557e-07,0.99993277,6.633829e-05
366,4.9790106e-08,0.99999726,1.976291e-06,7.2783394e-07
367,5.384568e-06,6.031718e-06,8.041203e-05,0.9999082
368,0.99999547,1.5551376e-07,7.459843e-07,3.6812532e-06
369,4.4382723e-05,0.9998903,2.868178e-05,3.6555753e-05
370,0.99995387,1.2854618e-06,7.3892664e-07,4.4147448e-05
371,3.7783805e-06,6.6000996e-07,1.3181368e-05,0.99998236
372,7.323934e-09,0.99999654,2.6017703e-06,8.214676e-07
373,4.3319105e-06,3.4166128e-06,0.9998481,0.00014413775
374,0.9999839,5.5579983e-07,1.0310131e-05,5.278575e-06
375,5.6691842e-05,5.3750186e-06,0.99992514,1.2777355e-05
376,4.1483082e-07,0.9999956,3.5971195e-06,3.8157592e-07
377,0.9950918,0.0039681853,0.00082375674,0.00011620095
378,0.99991703,3.8235075e-06,1.8942706e-06,7.726788e-05
379,1.3362066e-05,1.8733934e-06,0.99997175,1.3074486e-05
380,9.458267e-08,0.99999833,1.0101767e-06,6.0851505e-07
381,0.00071080995,5.3170234e-06,0.0014282835,0.9978556
382,0.99423593,2.070582e-05,0.00018923683,0.0055541694
383,5.138862e-07,4.5737818e-07,0.99998295,1.6033986e-05
384,7.329172e-06,1.183734e-06,0.99987555,0.00011588464
385,3.0805109e-07,5.905608e-06,0.99996746,2.6273507e-05
386,1.6762122e-08,0.9999964,2.9110502e-06,6.9709796e-07
387,1.3367917e-05,0.99997747,6.6704615e-06,2.5389204e-06
388,0.9999908,1.2192183e-06,1.6777944e-06,6.313864e-06
389,0.00017983459,0.999632,3.348322e-05,0.00015467017
390,2.4919404e-07,6.089261e-07,0.9999964,2.7042572e-06
391,0.0007840779,3.5384008e-05,0.9990037,0.00017680888
392,1.20304255e-08,0.9999862,1.3673136e-05,1.4970172e-07
393,1.0789827e-05,0.9986333,0.0013375614,1.832849e-05
394,1.4760749e-05,2.3549142e-06,0.9999285,5.444112e-05
395,0.9999974,9.04973e-08,3.3509014e-08,2.5149711e-06
396,0.0003430272,1.2621643e-05,2.4368026e-05,0.99961996
397,1.4351756e-06,1.2735569e-06,6.6088814e-06,0.9999907
398,3.3865823e-07,0.99999523,3.8500907e-06,6.078456e-07
399,4.2579402e-05,0.00010200338,0.99961805,0.00023737043
400,1.2805779e-07,0.9999033,9.490333e-05,1.6083129e-06
401,4.713805e-08,0.9999949,3.7008683e-06,1.356071e-06
402,0.9986034,1.3295853e-05,9.055664e-06,0.0013743058
403,2.0269468e-07,2.7527278e-07,0.99999213,7.33588e-06
404,0.99901426,0.0008901106,6.341116e-05,3.22361e-05
405,0.99998164,7.022388e-07,4.0564573e-06,1.356676e-05
406,0.9999908,3.767418e-07,5.340559e-06,3.456414e-06
407,0.99992573,1.3262498e-06,1.9493892e-07,7.27852e-05
408,1.6258052e-07,0.9999933,4.9539117e-06,1.5392133e-06
409,0.9999882,1.1322167e-06,6.739046e-06,3.9680976e-06
410,0.9999889,1.7824593e-07,5.4018424e-06,5.5458036e-06
411,0.999871,1.3722721e-06,1.192196e-06,0.00012639348
412,8.106035e-07,3.772332e-07,0.99999344,5.345169e-06
413,6.196702e-08,0.99987316,0.00012619646,5.6939433e-07
414,0.9998672,1.1985687e-06,1.13917295e-05,0.00012015478
415,2.8605075e-06,0.00041456555,0.99957913,3.44313e-06
416,0.99997354,7.190232e-07,1.1648999e-05,1.40907205e-05
417,2.0268117e-06,0.99999464,2.7350413e-06,5.536738e-07
418,5.7079583e-06,8.557146e-06,0.999944,4.178249e-05
419,4.8535092e-08,0.999998,1.5755852e-06,3.8571736e-07
420,3.4843897e-08,0.9999907,8.60022e-06,6.7184544e-07
421,3.3536903e-06,0.99999094,3.9578135e-06,1.7123144e-06
422,0.99946827,7.477597e-06,7.985172e-06,0.0005162438
423,5.7167415e-07,6.107061e-07,1.0260457e-05,0.99998856
424,5.8432653e-07,5.555736e-07,0.9999964,2.3900564e-06
425,4.4079524e-08,0.99998724,1.2155054e-05,5.4976454e-07
426,7.275246e-07,0.9999937,4.6810483e-06,9.271751e-07
427,1.824806e-07,0.99998343,1.5316356e-05,1.1298437e-06
428,1.4553446e-07,0.9999964,2.445445e-06,9.4030855e-07
429,3.5119697e-08,0.9999975,2.1140972e-06,3.4483952e-07
430,1.3467773e-07,0.99998105,1.8020963e-05,7.8909846e-07
431,0.00014609071,5.482643e-06,3.0790834e-05,0.99981767
432,1.5248387e-08,0.9999949,4.365669e-06,7.5905353e-07
433,1.6301505e-06,1.4742611e-06,0.9999926,4.249925e-06
434,1.0208366e-06,8.8558784e-07,0.9993455,0.0006525621
435,3.5689588e-06,1.0983541e-06,3.0471907e-05,0.99996483
436,2.9513257e-07,4.1963278e-07,0.99999404,5.2547657e-06
437,2.0488112e-06,0.99996233,2.3290884e-05,1.2374898e-05
438,1.3625399e-07,2.578574e-07,0.9999974,2.2511742e-06
439,6.52059e-07,8.734821e-07,0.9998807,0.00011779315
440,8.794391e-07,0.99999297,3.904064e-06,2.1962267e-06
441,1.1100261e-05,2.8649936e-06,0.999974,1.2029884e-05
442,3.887861e-08,0.99998736,1.15579105e-05,1.0034071e-06
443,0.9999964,2.479306e-07,2.036303e-06,1.3032288e-06
444,2.756431e-05,5.2472646e-05,0.99989545,2.4479665e-05
445,0.00071946665,2.4554736e-05,5.7641508e-05,0.9991984
446,0.99628854,1.4994026e-05,2.7100928e-05,0.0036693127
447,5.0845335e-07,0.99993455,6.3304724e-05,1.6094848e-06
448,0.0030987717,1.1799168e-05,5.1463856e-05,0.996838
449,0.0055565964,3.6703044e-05,1.0561005e-05,0.9943962
450,9.1081265e-06,0.9999759,8.872928e-06,6.043689e-06
451,3.663069e-05,1.563991e-06,4.5073557e-06,0.9999573
452,5.513084e-07,0.9999677,2.7492868e-05,4.2596753e-06
453,1.411506e-05,0.99998,4.7865915e-06,1.130741e-06
454,1.935603e-05,0.9998884,7.514917e-05,1.7107313e-05
455,1.545252e-07,0.99996793,3.0335232e-05,1.5525292e-06
456,9.1019054e-08,0.9999956,2.8311472e-06,1.4502054e-06
457,9.363581e-08,0.99994683,4.8201546e-05,4.9236796e-06
458,9.50871e-08,0.9999883,1.0832509e-05,7.938406e-07
459,1.6545454e-07,0.999944,5.4893713e-05,9.84549e-07
460,0.0014413845,2.5121775e-05,6.0693063e-05,0.99847275
461,0.9997892,1.2968471e-06,8.446217e-07,0.00020871063
462,0.012187695,0.9876017,5.2803047e-05,0.00015778127
463,6.948832e-05,7.823872e-06,0.99766845,0.0022541888
464,0.9999629,4.8470974e-07,1.7834249e-05,1.8741464e-05
465,7.513156e-06,0.9999331,2.2226614e-05,3.718071e-05
466,0.0042959778,0.00020699001,0.0016316659,0.9938653
467,0.00092906185,1.9563406e-05,8.9945155e-05,0.99896145
468,0.9905614,1.596529e-05,0.00931245,0.00011018067
469,1.7339057e-07,0.9999765,1.7958073e-05,5.3070294e-06
470,0.9987093,7.664204e-06,3.5289242e-05,0.00124771
471,6.25658e-08,3.5247191e-07,0.99998915,1.045625e-05
472,5.869975e-06,1.4479425e-06,0.9999894,3.234803e-06
473,3.471845e-07,0.9999931,4.8973966e-06,1.6177522e-06
474,0.0012899893,3.4870758e-05,0.9983474,0.00032774312
475,0.99127495,3.63727e-05,4.5637687e-05,0.008642991
476,3.5167259e-06,3.6071282e-07,0.9999927,3.4102736e-06
477,1.3771033e-06,0.999936,3.7692927e-05,2.4900843e-05
478,1.1984747e-07,0.9999924,6.3738894e-06,1.1206198e-06
479,0.99819857,8.505049e-05,0.0008232319,0.00089320337
480,2.6195134e-05,1.0237541e-05,0.00036275422,0.9996008
481,0.99958795,2.8790255e-06,2.0762905e-06,0.00040706262
482,0.00021212916,2.9915602e-06,1.0201774e-05,0.99977463
483,7.685218e-08,0.9999809,1.6681866e-05,2.3226912e-06
484,0.9999703,8.201772e-07,2.0295438e-06,2.6782023e-05
485,5.864658e-06,2.7633205e-06,0.99996996,2.1382948e-05
486,0.99907684,1.1427711e-05,1.9573989e-05,0.0008921632
487,0.9999112,4.8218124e-07,6.249417e-07,8.771677e-05
488,1.1594773e-06,9.680277e-07,7.393705e-05,0.99992394
489,0.0017266035,4.325005e-06,2.1455735e-05,0.9982476
490,0.0025252386,0.00093120534,8.936724e-05,0.99645424
491,1.3295864e-05,0.0001673807,0.9996513,0.00016803821
492,0.99989676,8.5891133e-07,7.823331e-06,9.457744e-05
493,1.2861985e-06,1.0028778e-06,0.9999813,1.6403192e-05
494,0.99895406,2.4335948e-06,1.8439753e-06,0.0010416594
495,1.8932075e-08,0.9999957,4.1102776e-06,1.7943917e-07
496,0.9978683,7.629175e-06,1.4059366e-05,0.0021100107
497,2.9653359e-06,0.999838,0.00015024008,8.777608e-06
498,9.803112e-08,0.99999297,6.040053e-06,9.3187356e-07
499,0.0009411157,4.2662987e-06,1.2233023e-05,0.99904233
500,1.5282222e-07,0.99999166,6.7777737e-06,1.433262e-06
501,0.000926663,7.0977926e-06,1.1366442e-05,0.99905485
502,3.8455204e-07,0.9999887,2.3962161e-06,8.546828e-06
503,0.9957171,3.9863236e-05,8.461258e-05,0.004158363
504,4.8880815e-06,7.9658724e-07,8.109978e-06,0.9999862
505,6.226537e-05,2.0329744e-06,4.5424367e-06,0.9999311
506,2.0026528e-06,2.641857e-07,0.9999919,5.863852e-06
507,0.99998605,8.307427e-07,2.7686142e-06,1.0335975e-05
508,0.9996666,1.8828792e-06,3.7851382e-06,0.0003277861
509,3.541525e-06,0.99997115,2.2593775e-05,2.6895164e-06
510,1.3153969e-05,0.9999033,7.898585e-05,4.5234365e-06
511,2.2633878e-07,0.99997556,2.2970258e-05,1.2464504e-06
512,0.00021885433,3.776337e-05,1.7253918e-05,0.9997261
513,1.0753525e-07,0.9997398,0.00025782952,2.2050126e-06
514,0.9993413,3.4957493e-06,0.0003206987,0.00033449533
515,0.00017199322,7.3401015e-06,0.999795,2.570334e-05
516,2.1578712e-08,0.9999956,4.228672e-06,1.8909996e-07
517,1.9968739e-07,1.5186325e-06,0.99999714,1.0947399e-06
518,0.001017457,3.9846942e-05,0.00014209836,0.99880064
519,0.9974624,3.4059099e-06,4.5097227e-06,0.0025296265
520,7.49597e-05,1.2238336e-06,1.2383524e-05,0.9999114
521,2.6910962e-07,0.9999906,6.4945602e-06,2.6222383e-06
522,0.00058090495,5.9621357e-06,3.957515e-05,0.9993736
523,0.9999714,1.9352603e-06,1.5017983e-05,1.1601413e-05
524,4.938485e-07,1.8897779e-06,0.9999896,8.002606e-06
525,0.00018946607,3.858681e-06,6.994875e-06,0.99979967
526,3.2619564e-08,0.9999925,6.1806677e-06,1.2686667e-06
527,2.1229192e-07,2.3150616e-07,0.9999976,1.8829982e-06
528,0.9991253,0.00014437626,0.000591254,0.00013912642
529,0.9965815,1.52191615e-05,1.8861007e-05,0.0033844349
530,2.473748e-08,0.99999774,1.6397713e-06,6.4683945e-07
531,0.0001577674,1.1234999e-05,4.515172e-06,0.9998265
532,6.853596e-06,1.2532543e-06,0.99961334,0.0003785735
533,0.0016626157,4.8351844e-06,8.366153e-06,0.9983242
534,3.5062108e-08,0.99999666,3.0304543e-06,2.3581211e-07
535,0.000103552775,5.1651805e-06,0.99986184,2.9439338e-05
536,0.000111674926,0.9998503,2.7126087e-05,1.0953713e-05
537,1.3060687e-06,0.99999595,1.7614458e-06,9.4607475e-07
538,3.941516e-06,1.2198096e-06,0.99996734,2.744497e-05
539,2.1660764e-08,0.9999989,9.156992e-07,1.9307353e-07
540,0.99972016,1.9782321e-06,0.00023841996,3.9458384e-05
541,5.4039134e-07,0.9999826,1.6523056e-05,3.1485473e-07
542,0.9994406,1.4857581e-05,4.9889977e-06,0.0005394998
543,1.8694136e-07,0.99984634,0.00015288962,6.1741474e-07
544,0.9998704,1.0245523e-06,9.238175e-05,3.616769e-05
545,0.00058532733,1.0588528e-05,5.373802e-05,0.99935037
546,3.810541e-05,1.941263e-06,5.4929747e-05,0.999905
547,1.5859974e-06,7.231089e-07,0.9998394,0.00015823143
548,1.6433145e-05,0.9998611,0.00011063674,1.1736715e-05
549,3.932743e-08,0.99999833,1.3604346e-06,2.7514983e-07
550,0.00022114754,1.7290988e-06,5.2700225e-06,0.9997719
551,0.9991658,9.622119e-06,1.4651481e-05,0.0008099539
552,8.25655e-05,4.8826782e-06,6.625429e-05,0.9998462
553,0.99883264,8.91388e-06,0.000878141,0.00028033715
554,7.211059e-08,0.9999558,4.268569e-05,1.4993785e-06
555,6.0640923e-07,0.99998784,6.2043086e-06,5.292099e-06
556,5.0175036e-05,6.0379984e-06,0.9990429,0.0009007843
557,1.2603682e-05,1.2068228e-06,0.99998116,5.0523868e-06
558,9.806829e-08,4.507271e-07,0.9999963,3.1500308e-06
559,0.99998474,2.3167965e-07,1.0793491e-05,4.186845e-06
560,0.9984712,7.850487e-05,1.6530714e-05,0.0014336942
561,0.9994992,5.0106166e-05,7.733662e-06,0.0004429075
562,1.6824524e-05,2.5800873e-06,0.99977106,0.00020948813
563,0.0030533434,3.906921e-06,5.40457e-06,0.9969374
564,0.00021553741,1.692413e-06,0.9997626,2.0131865e-05
565,0.0075857164,0.9914547,0.0007229476,0.00023663441
566,1.610544e-07,0.99999595,1.6540469e-06,2.2452427e-06
567,0.00014656797,1.6359479e-06,3.6843703e-06,0.9998481
568,2.1870974e-07,0.99997365,2.1934704e-05,4.1907097e-06
569,0.99922884,4.524718e-05,0.00066279864,6.310687e-05
570,2.4638532e-06,0.9999809,1.258409e-05,4.02769e-06
571,2.4857102e-06,0.9999846,1.0408606e-05,2.5380623e-06
572,0.9999857,1.4354996e-06,6.8439135e-06,6.080929e-06
573,0.0010691966,1.4094994e-05,8.822853e-06,0.9989079
574,0.0026883748,0.99663264,0.0004505546,0.00022849486
575,9.971136e-07,0.9999286,5.4741944e-05,1.5642332e-05
576,2.3978151e-05,7.327793e-06,9.354945e-05,0.9998752
577,2.5056224e-07,0.99999595,2.704256e-06,1.0566059e-06
578,8.731077e-06,0.99998736,2.7946655e-06,1.0630413e-06
579,0.998069,6.126073e-05,0.0017359408,0.00013382183
580,0.9994337,7.945896e-06,3.302238e-05,0.0005253034
581,2.9212995e-05,0.9999496,1.3317448e-05,7.949238e-06
582,3.9837778e-07,0.9999442,5.1873893e-05,3.5099044e-06
583,1.5743088e-06,0.9998628,0.00013426346,1.3890802e-06
584,3.4911892e-07,0.99996936,2.8358761e-05,1.8850596e-06
585,5.125302e-07,0.99998534,5.2854384e-06,8.835782e-06
586,4.8451582e-08,0.9999982,1.1452018e-06,5.487167e-07
587,1.4771993e-07,0.9999938,5.66796e-06,3.489876e-07
588,2.802214e-07,0.9999778,1.9496749e-05,2.4511385e-06
589,5.418725e-07,3.4710777e-07,0.9999924,6.69003e-06
590,5.399665e-06,8.7563797e-07,7.4910035e-06,0.9999863
591,0.00024735552,9.462719e-06,0.00012284193,0.9996203
592,0.00013938567,3.7436107e-06,1.5648262e-05,0.9998412
593,5.7813395e-07,0.99999547,3.2599044e-06,6.3233995e-07
594,9.353737e-07,4.5021957e-07,0.9999645,3.4149078e-05
595,1.287434e-06,0.99996674,3.12259e-05,6.9626407e-07
596,2.0423052e-08,0.99999666,3.2298574e-06,1.1622424e-07
597,7.3793567e-06,2.2784504e-06,5.72049e-06,0.9999846
598,0.9976254,0.0021377802,7.225929e-05,0.00016456438
599,0.9999534,7.3179564e-07,1.0166116e-05,3.5743495e-05
600,0.00043336226,6.382621e-05,0.00035598283,0.9991468
601,4.2715207e-08,0.99999714,2.405147e-06,4.0842073e-07
602,2.393136e-07,1.0870165e-06,0.99999523,3.4633322e-06
603,2.397784e-06,5.017102e-07,0.99998486,1.2216955e-05
604,0.0002278193,7.5204716e-06,0.00046686723,0.99929774
605,1.9599544e-05,1.0589832e-05,0.0002942668,0.9996755
606,3.493912e-08,0.9999981,1.7021945e-06,1.7171712e-07
607,6.4517884e-08,0.9999759,2.3392373e-05,6.188365e-07
608,3.2199412e-05,2.9632881e-06,0.99994826,1.6603854e-05
609,0.0018600669,5.3654567e-06,1.2978879e-05,0.99812156
610,1.8998163e-06,5.898617e-07,8.651438e-06,0.9999889
611,0.0007781708,5.919616e-06,0.9991898,2.615334e-05
612,2.6721682e-05,2.0509915e-06,4.7757272e-05,0.99992347
613,0.0017495296,1.455218e-05,1.3963366e-05,0.99822193
614,6.539478e-08,0.9999927,6.5154245e-06,6.724083e-07
615,0.99978095,2.8919435e-06,3.167559e-05,0.00018451814
616,3.216575e-05,1.0223765e-06,1.1556419e-06,0.99996567
617,8.4851865e-07,0.99998164,1.6931366e-05,6.350846e-07
618,1.5013343e-06,0.9999337,4.392767e-05,2.087214e-05
619,1.090596e-07,0.9999931,6.727893e-06,9.899014e-08
620,2.464877e-07,0.9999467,5.135291e-05,1.6364072e-06
621,4.838264e-08,0.9999914,7.651841e-06,9.394738e-07
622,0.0018893509,0.0013629908,0.99523646,0.0015112767
623,2.0233955e-08,0.9999968,2.8906265e-06,3.3527328e-07
624,1.1484471e-07,0.99999034,7.423529e-06,2.1477836e-06
625,5.059127e-06,0.99983907,0.00014023403,1.5558307e-05
626,1.9087906e-07,3.2586385e-07,0.99999666,2.8277718e-06
627,3.14615e-06,4.910403e-07,0.9999938,2.5803006e-06
628,0.00043827624,1.9329825e-06,2.157344e-06,0.9995577
629,0.9997037,1.4142396e-06,5.7208636e-06,0.0002891246
630,0.0060851322,8.954861e-06,8.022807e-06,0.993898
631,7.969675e-07,0.99998283,1.2177323e-05,4.2286865e-06
632,8.917799e-06,5.9235745e-06,0.0003751125,0.9996101
633,8.1722115e-05,6.4052942e-06,0.99975663,0.00015521821
634,0.99969625,1.915082e-06,0.00028521527,1.6665319e-05
635,2.4034193e-07,8.260718e-07,0.9999943,4.633505e-06
636,1.7345286e-06,0.99976486,0.00022947062,3.904179e-06
637,0.9999467,3.8106252e-06,1.1034773e-05,3.838863e-05
638,0.99468756,5.412841e-05,0.004376727,0.0008815674
639,1.2872519e-07,0.9999918,7.069756e-06,1.059743e-06
640,0.00012573152,0.9997632,8.225223e-05,2.884655e-05
641,1.4251953e-06,9.209851e-06,0.99997795,1.1394143e-05
642,0.999589,2.348504e-06,2.865169e-06,0.00040579948
643,0.9997397,3.8691055e-06,7.570387e-06,0.00024879328
644,5.954098e-07,0.99997985,1.8252644e-05,1.2955207e-06
645,0.9900789,3.0226553e-05,2.8697375e-05,0.009862152
646,2.8377832e-05,0.9999559,1.2876468e-05,2.8798875e-06
647,1.1241178e-05,1.4154745e-06,1.3523689e-05,0.9999738
648,5.8154355e-06,0.99996734,1.4709932e-05,1.2147187e-05
649,1.4755467e-08,0.9999907,8.913201e-06,3.881289e-07
650,0.9990627,3.0598205e-06,7.208888e-06,0.0009269911
651,2.3293223e-08,0.99999845,1.2953743e-06,2.781756e-07
652,0.998415,5.6741806e-06,0.0015351214,4.4150736e-05
653,3.4290274e-08,0.99998856,1.1261527e-05,1.4931724e-07
654,0.00028704136,4.3658397e-06,7.496742e-06,0.9997011
655,0.0058890767,1.8120843e-05,2.2392394e-05,0.99407035
656,3.042235e-07,0.9999919,7.052363e-06,8.017944e-07
657,1.714894e-07,0.99999094,7.994087e-06,8.8463156e-07
658,4.3554968e-07,0.99997234,1.9156741e-05,8.115041e-06
659,3.0394995e-09,0.9999993,5.45187e-07,1.4889225e-07
660,2.3465365e-05,1.8064683e-06,2.862236e-05,0.9999461
661,3.043165e-08,0.99999475,4.696373e-06,5.6393003e-07
662,6.1603737e-07,0.999959,3.484301e-05,5.5462615e-06
663,9.248374e-06,0.9990619,0.0009091362,1.9689322e-05
664,1.05270196e-07,0.9999988,7.893932e-07,2.863222e-07
665,2.0459733e-07,0.9999844,1.4692138e-05,6.750982e-07
666,0.00053437287,2.0942005e-05,0.00022778199,0.9992169
667,2.537628e-07,0.9999914,7.721686e-06,6.0068203e-07
668,9.3797304e-08,0.9999019,9.703616e-05,1.0276974e-06
669,5.114145e-07,0.9999871,9.738992e-06,2.5850493e-06
670,5.156235e-07,0.99993813,5.7876663e-05,3.4472257e-06
671,6.283348e-09,0.99999785,1.9870492e-06,1.6947698e-07
672,5.248652e-07,0.99997675,1.7685683e-05,4.979203e-06
673,0.00048809254,8.496093e-06,0.00013435031,0.9993691
674,4.120144e-07,0.9996549,0.0003411665,3.5406208e-06
675,0.0031807462,5.3257486e-06,1.0804228e-05,0.99680316
676,0.9999684,5.2640223e-07,1.734757e-05,1.3677249e-05
677,0.9992836,6.9361568e-06,1.6407637e-05,0.0006930802
678,1.5256534e-08,0.9999987,8.784693e-07,4.119384e-07
679,0.9999448,2.823419e-06,4.3782195e-05,8.572967e-06
680,4.7118338e-05,9.956519e-06,0.0004441202,0.99949884
681,0.0001504416,4.928285e-06,7.300811e-05,0.99977165
682,0.0005305065,6.9661405e-06,4.5350644e-06,0.999458
683,0.0010841336,2.352807e-05,0.00011628044,0.998776
684,4.247805e-05,0.99992037,3.4086435e-05,3.1097838e-06
685,1.1175406e-06,1.8694502e-06,0.9999913,5.7333355e-06
686,0.999265,3.4257916e-06,3.2684582e-06,0.0007283339
687,7.733105e-07,0.9999713,1.9516045e-05,8.461839e-06
688,0.99988604,8.337768e-06,7.1755414e-05,3.3802855e-05
689,5.6956548e-08,0.99999774,1.8376236e-06,3.5805158e-07
690,8.970522e-08,0.9999839,1.4587796e-05,1.4139589e-06
691,0.99998796,1.742918e-07,9.07451e-06,2.7491653e-06
692,0.9965006,5.8559763e-06,1.25906945e-05,0.003480926
693,5.3896993e-06,1.557322e-06,3.073913e-05,0.99996233
694,0.0013486298,1.6434021e-06,2.2603958e-06,0.9986475
695,3.1321622e-05,1.0609279e-05,0.0015993492,0.99835867
696,6.7257906e-07,0.9999825,1.6539687e-05,3.5356845e-07
697,0.00045611305,0.99952435,1.0310347e-05,9.284459e-06
698,6.5787475e-07,3.8886972e-07,8.732318e-06,0.9999902
699,0.00058178714,3.0597694e-06,0.99938333,3.1777858e-05
700,3.609935e-07,0.99983597,0.00016134417,2.2869167e-06
701,4.9541713e-06,3.551369e-07,2.4916435e-06,0.99999225
702,0.9993616,2.5162715e-06,4.5042234e-06,0.000631387
703,3.1209174e-06,1.8916544e-06,0.9999608,3.4224035e-05
704,0.999998,8.899972e-08,6.455295e-07,1.2410743e-06
705,0.0012297317,3.5105168e-05,0.00014946178,0.9985857
706,0.99998796,2.1458088e-06,7.112241e-07,9.228504e-06
707,1.1230256e-05,3.1514073e-06,0.9972488,0.0027367452
708,7.789938e-08,0.9999958,3.804258e-06,2.3966547e-07
709,0.999905,1.4616269e-06,7.854767e-05,1.5005117e-05
710,0.9942637,0.00011330486,0.005125379,0.0004975549
711,4.198827e-06,0.99997663,1.7346007e-05,1.8321532e-06
712,0.99929655,8.253983e-06,7.497311e-06,0.00068764266
713,4.5856248e-07,0.99999595,2.1445535e-06,1.4372911e-06
714,0.0008029828,2.562206e-05,0.0001561588,0.9990152
715,2.5407719e-08,0.9999902,8.847697e-06,9.09257e-07
716,0.00072663266,5.8231926e-06,4.0772366e-06,0.99926347
717,3.7803153e-07,0.9999808,1.7389426e-05,1.450931e-06
718,5.1106877e-06,0.998417,0.0015357037,4.2105312e-05
719,5.902921e-06,1.228725e-06,0.9993705,0.00062242895
720,1.2418244e-06,0.9999919,6.0780912e-06,7.5696283e-07
721,1.3072229e-05,2.4232443e-06,0.00016248504,0.9998221
722,0.00012564738,0.99898833,0.00032765622,0.00055840745
723,5.8012052e-08,0.99999785,1.7543996e-06,3.4048264e-07
724,1.3998365e-07,0.9999733,2.446822e-05,2.1107098e-06
725,1.5362427e-07,0.99996567,2.9427629e-05,4.701416e-06
726,1.9958015e-06,0.002164321,0.9977958,3.7851616e-05
